all	0	165782	2260784	0.0733294
all	1	31818	2260784	0.0140739
all	2	25096	2260784	0.0111006
all	3	22572	2260784	0.0099841
all	4	19647	2260784	0.0086903
all	5	18218	2260784	0.0080583
all	6	16066	2260784	0.0071064
all	7	13795	2260784	0.0061019
all	8	13540	2260784	0.0059891
all	9	12743	2260784	0.0056365
all	10	12851	2260784	0.0056843
all	11	12538	2260784	0.0055459
all	12	11471	2260784	0.0050739
all	13	10201	2260784	0.0045122
all	14	10840	2260784	0.0047948
all	15	9794	2260784	0.0043321
all	16	10554	2260784	0.0046683
all	17	9672	2260784	0.0042782
all	18	9665	2260784	0.0042751
all	19	9618	2260784	0.0042543
all	20	10024	2260784	0.0044339
all	21	9681	2260784	0.0042821
all	22	9962	2260784	0.0044064
all	23	9240	2260784	0.0040871
all	24	9684	2260784	0.0042835
all	25	8978	2260784	0.0039712
all	26	8990	2260784	0.0039765
all	27	8665	2260784	0.0038327
all	28	8158	2260784	0.0036085
all	29	7985	2260784	0.0035320
all	30	8078	2260784	0.0035731
all	31	7391	2260784	0.0032692
all	32	7949	2260784	0.0035160
all	33	7431	2260784	0.0032869
all	34	7563	2260784	0.0033453
all	35	7715	2260784	0.0034125
all	36	7930	2260784	0.0035076
all	37	7756	2260784	0.0034307
all	38	8114	2260784	0.0035890
all	39	7233	2260784	0.0031993
all	40	7296	2260784	0.0032272
all	41	7202	2260784	0.0031856
all	42	7166	2260784	0.0031697
all	43	7285	2260784	0.0032223
all	44	6920	2260784	0.0030609
all	45	7118	2260784	0.0031485
all	46	7556	2260784	0.0033422
all	47	7090	2260784	0.0031361
all	48	7408	2260784	0.0032767
all	49	7224	2260784	0.0031954
all	50	6857	2260784	0.0030330
all	51	6925	2260784	0.0030631
all	52	6680	2260784	0.0029547
all	53	6951	2260784	0.0030746
all	54	6746	2260784	0.0029839
all	55	6670	2260784	0.0029503
all	56	6406	2260784	0.0028335
all	57	6266	2260784	0.0027716
all	58	6369	2260784	0.0028172
all	59	6337	2260784	0.0028030
all	60	6439	2260784	0.0028481
all	61	6223	2260784	0.0027526
all	62	6374	2260784	0.0028194
all	63	6243	2260784	0.0027614
all	64	6250	2260784	0.0027645
all	65	6085	2260784	0.0026915
all	66	6258	2260784	0.0027681
all	67	6337	2260784	0.0028030
all	68	6004	2260784	0.0026557
all	69	6313	2260784	0.0027924
all	70	6460	2260784	0.0028574
all	71	6349	2260784	0.0028083
all	72	6160	2260784	0.0027247
all	73	5891	2260784	0.0026057
all	74	5839	2260784	0.0025827
all	75	5833	2260784	0.0025801
all	76	6185	2260784	0.0027358
all	77	6343	2260784	0.0028057
all	78	5882	2260784	0.0026018
all	79	6106	2260784	0.0027008
all	80	5803	2260784	0.0025668
all	81	5701	2260784	0.0025217
all	82	6030	2260784	0.0026672
all	83	5656	2260784	0.0025018
all	84	5639	2260784	0.0024943
all	85	5965	2260784	0.0026385
all	86	5648	2260784	0.0024982
all	87	5689	2260784	0.0025164
all	88	5744	2260784	0.0025407
all	89	5633	2260784	0.0024916
all	90	5624	2260784	0.0024876
all	91	5605	2260784	0.0024792
all	92	5651	2260784	0.0024996
all	93	5490	2260784	0.0024284
all	94	5221	2260784	0.0023094
all	95	5479	2260784	0.0024235
all	96	5734	2260784	0.0025363
all	97	5598	2260784	0.0024761
all	98	5306	2260784	0.0023470
all	99	5607	2260784	0.0024801
all	100	5313	2260784	0.0023501
all	101	5343	2260784	0.0023633
all	102	5477	2260784	0.0024226
all	103	5359	2260784	0.0023704
all	104	5237	2260784	0.0023165
all	105	5433	2260784	0.0024031
all	106	5151	2260784	0.0022784
all	107	5245	2260784	0.0023200
all	108	5186	2260784	0.0022939
all	109	4785	2260784	0.0021165
all	110	4984	2260784	0.0022045
all	111	4929	2260784	0.0021802
all	112	4821	2260784	0.0021324
all	113	4772	2260784	0.0021108
all	114	4645	2260784	0.0020546
all	115	4701	2260784	0.0020794
all	116	4890	2260784	0.0021630
all	117	4875	2260784	0.0021563
all	118	4879	2260784	0.0021581
all	119	5008	2260784	0.0022152
all	120	4960	2260784	0.0021939
all	121	4936	2260784	0.0021833
all	122	4546	2260784	0.0020108
all	123	4694	2260784	0.0020763
all	124	4774	2260784	0.0021117
all	125	4722	2260784	0.0020887
all	126	4711	2260784	0.0020838
all	127	4829	2260784	0.0021360
all	128	4713	2260784	0.0020847
all	129	4654	2260784	0.0020586
all	130	4739	2260784	0.0020962
all	131	4602	2260784	0.0020356
all	132	4631	2260784	0.0020484
all	133	4750	2260784	0.0021010
all	134	4675	2260784	0.0020679
all	135	4533	2260784	0.0020051
all	136	4567	2260784	0.0020201
all	137	4440	2260784	0.0019639
all	138	4308	2260784	0.0019055
all	139	4466	2260784	0.0019754
all	140	4405	2260784	0.0019484
all	141	4371	2260784	0.0019334
all	142	4451	2260784	0.0019688
all	143	4553	2260784	0.0020139
all	144	4578	2260784	0.0020250
all	145	4551	2260784	0.0020130
all	146	4621	2260784	0.0020440
all	147	4353	2260784	0.0019254
all	148	4547	2260784	0.0020112
all	149	4557	2260784	0.0020157
all	150	4519	2260784	0.0019989
all	151	4273	2260784	0.0018901
all	152	4302	2260784	0.0019029
all	153	4278	2260784	0.0018923
all	154	4359	2260784	0.0019281
all	155	4172	2260784	0.0018454
all	156	4259	2260784	0.0018839
all	157	4220	2260784	0.0018666
all	158	4351	2260784	0.0019246
all	159	4438	2260784	0.0019630
all	160	4432	2260784	0.0019604
all	161	4322	2260784	0.0019117
all	162	4274	2260784	0.0018905
all	163	4361	2260784	0.0019290
all	164	4199	2260784	0.0018573
all	165	4003	2260784	0.0017706
all	166	4148	2260784	0.0018348
all	167	4097	2260784	0.0018122
all	168	4166	2260784	0.0018427
all	169	4063	2260784	0.0017972
all	170	4352	2260784	0.0019250
all	171	4173	2260784	0.0018458
all	172	4297	2260784	0.0019007
all	173	4421	2260784	0.0019555
all	174	4300	2260784	0.0019020
all	175	4325	2260784	0.0019131
all	176	4351	2260784	0.0019246
all	177	4291	2260784	0.0018980
all	178	4175	2260784	0.0018467
all	179	4120	2260784	0.0018224
all	180	4259	2260784	0.0018839
all	181	4022	2260784	0.0017790
all	182	4039	2260784	0.0017865
all	183	4144	2260784	0.0018330
all	184	4241	2260784	0.0018759
all	185	3884	2260784	0.0017180
all	186	3870	2260784	0.0017118
all	187	3928	2260784	0.0017375
all	188	3928	2260784	0.0017375
all	189	3821	2260784	0.0016901
all	190	3757	2260784	0.0016618
all	191	3872	2260784	0.0017127
all	192	3850	2260784	0.0017029
all	193	3767	2260784	0.0016662
all	194	3781	2260784	0.0016724
all	195	3688	2260784	0.0016313
all	196	3802	2260784	0.0016817
all	197	3888	2260784	0.0017198
all	198	3865	2260784	0.0017096
all	199	3901	2260784	0.0017255
all	200	3755	2260784	0.0016609
all	201	3965	2260784	0.0017538
all	202	3680	2260784	0.0016278
all	203	3765	2260784	0.0016654
all	204	3667	2260784	0.0016220
all	205	3601	2260784	0.0015928
all	206	3746	2260784	0.0016569
all	207	3694	2260784	0.0016339
all	208	3537	2260784	0.0015645
all	209	3678	2260784	0.0016269
all	210	3535	2260784	0.0015636
all	211	3653	2260784	0.0016158
all	212	3719	2260784	0.0016450
all	213	3686	2260784	0.0016304
all	214	3649	2260784	0.0016140
all	215	3546	2260784	0.0015685
all	216	3420	2260784	0.0015127
all	217	3664	2260784	0.0016207
all	218	3746	2260784	0.0016569
all	219	3699	2260784	0.0016362
all	220	3627	2260784	0.0016043
all	221	3553	2260784	0.0015716
all	222	3572	2260784	0.0015800
all	223	3531	2260784	0.0015618
all	224	3599	2260784	0.0015919
all	225	3697	2260784	0.0016353
all	226	3437	2260784	0.0015203
all	227	3382	2260784	0.0014959
all	228	3349	2260784	0.0014813
all	229	3418	2260784	0.0015119
all	230	3400	2260784	0.0015039
all	231	3312	2260784	0.0014650
all	232	3478	2260784	0.0015384
all	233	3433	2260784	0.0015185
all	234	3339	2260784	0.0014769
all	235	3242	2260784	0.0014340
all	236	3518	2260784	0.0015561
all	237	3276	2260784	0.0014491
all	238	3335	2260784	0.0014752
all	239	3440	2260784	0.0015216
all	240	3407	2260784	0.0015070
all	241	3399	2260784	0.0015035
all	242	3235	2260784	0.0014309
all	243	3507	2260784	0.0015512
all	244	3410	2260784	0.0015083
all	245	3324	2260784	0.0014703
all	246	3289	2260784	0.0014548
all	247	3255	2260784	0.0014398
all	248	3332	2260784	0.0014738
all	249	3255	2260784	0.0014398
all	250	3018	2260784	0.0013349
all	251	3204	2260784	0.0014172
all	252	3165	2260784	0.0014000
all	253	3080	2260784	0.0013624
all	254	3073	2260784	0.0013593
all	255	3109	2260784	0.0013752
all	256	3084	2260784	0.0013641
all	257	3214	2260784	0.0014216
all	258	3107	2260784	0.0013743
all	259	2896	2260784	0.0012810
all	260	2938	2260784	0.0012995
all	261	2996	2260784	0.0013252
all	262	2927	2260784	0.0012947
all	263	3000	2260784	0.0013270
all	264	3023	2260784	0.0013371
all	265	2905	2260784	0.0012850
all	266	2828	2260784	0.0012509
all	267	2914	2260784	0.0012889
all	268	2927	2260784	0.0012947
all	269	2862	2260784	0.0012659
all	270	2925	2260784	0.0012938
all	271	2879	2260784	0.0012735
all	272	2886	2260784	0.0012765
all	273	2737	2260784	0.0012106
all	274	2700	2260784	0.0011943
all	275	2820	2260784	0.0012474
all	276	2589	2260784	0.0011452
all	277	2797	2260784	0.0012372
all	278	2658	2260784	0.0011757
all	279	2768	2260784	0.0012244
all	280	2757	2260784	0.0012195
all	281	2696	2260784	0.0011925
all	282	2723	2260784	0.0012044
all	283	2704	2260784	0.0011960
all	284	2696	2260784	0.0011925
all	285	2745	2260784	0.0012142
all	286	2769	2260784	0.0012248
all	287	2647	2260784	0.0011708
all	288	2752	2260784	0.0012173
all	289	2836	2260784	0.0012544
all	290	2656	2260784	0.0011748
all	291	2740	2260784	0.0012120
all	292	2729	2260784	0.0012071
all	293	2665	2260784	0.0011788
all	294	2663	2260784	0.0011779
all	295	2527	2260784	0.0011178
all	296	2627	2260784	0.0011620
all	297	2500	2260784	0.0011058
all	298	2564	2260784	0.0011341
all	299	2473	2260784	0.0010939
all	300	2428	2260784	0.0010740
all	301	2508	2260784	0.0011093
all	302	2368	2260784	0.0010474
all	303	2419	2260784	0.0010700
all	304	2478	2260784	0.0010961
all	305	2531	2260784	0.0011195
all	306	2569	2260784	0.0011363
all	307	2489	2260784	0.0011009
all	308	2409	2260784	0.0010656
all	309	2615	2260784	0.0011567
all	310	2465	2260784	0.0010903
all	311	2438	2260784	0.0010784
all	312	2588	2260784	0.0011447
all	313	2613	2260784	0.0011558
all	314	2371	2260784	0.0010488
all	315	2517	2260784	0.0011133
all	316	2431	2260784	0.0010753
all	317	2350	2260784	0.0010395
all	318	2468	2260784	0.0010917
all	319	2393	2260784	0.0010585
all	320	2354	2260784	0.0010412
all	321	2375	2260784	0.0010505
all	322	2272	2260784	0.0010050
all	323	2439	2260784	0.0010788
all	324	2454	2260784	0.0010855
all	325	2373	2260784	0.0010496
all	326	2430	2260784	0.0010748
all	327	2333	2260784	0.0010319
all	328	2428	2260784	0.0010740
all	329	2351	2260784	0.0010399
all	330	2356	2260784	0.0010421
all	331	2402	2260784	0.0010625
all	332	2240	2260784	0.0009908
all	333	2288	2260784	0.0010120
all	334	2264	2260784	0.0010014
all	335	2330	2260784	0.0010306
all	336	2183	2260784	0.0009656
all	337	2388	2260784	0.0010563
all	338	2358	2260784	0.0010430
all	339	2243	2260784	0.0009921
all	340	2230	2260784	0.0009864
all	341	2243	2260784	0.0009921
all	342	2341	2260784	0.0010355
all	343	2214	2260784	0.0009793
all	344	2301	2260784	0.0010178
all	345	2136	2260784	0.0009448
all	346	2242	2260784	0.0009917
all	347	2053	2260784	0.0009081
all	348	2112	2260784	0.0009342
all	349	2135	2260784	0.0009444
all	350	2240	2260784	0.0009908
all	351	2113	2260784	0.0009346
all	352	2056	2260784	0.0009094
all	353	2252	2260784	0.0009961
all	354	2116	2260784	0.0009360
all	355	2134	2260784	0.0009439
all	356	2151	2260784	0.0009514
all	357	2121	2260784	0.0009382
all	358	2131	2260784	0.0009426
all	359	2088	2260784	0.0009236
all	360	2142	2260784	0.0009475
all	361	2158	2260784	0.0009545
all	362	2168	2260784	0.0009590
all	363	2144	2260784	0.0009483
all	364	2109	2260784	0.0009329
all	365	2051	2260784	0.0009072
all	366	2080	2260784	0.0009200
all	367	2091	2260784	0.0009249
all	368	1987	2260784	0.0008789
all	369	1998	2260784	0.0008838
all	370	1894	2260784	0.0008378
all	371	1849	2260784	0.0008179
all	372	1958	2260784	0.0008661
all	373	1895	2260784	0.0008382
all	374	1933	2260784	0.0008550
all	375	1803	2260784	0.0007975
all	376	1909	2260784	0.0008444
all	377	1804	2260784	0.0007980
all	378	1855	2260784	0.0008205
all	379	1774	2260784	0.0007847
all	380	1829	2260784	0.0008090
all	381	1774	2260784	0.0007847
all	382	1796	2260784	0.0007944
all	383	1866	2260784	0.0008254
all	384	1821	2260784	0.0008055
all	385	1840	2260784	0.0008139
all	386	1764	2260784	0.0007803
all	387	1765	2260784	0.0007807
all	388	1764	2260784	0.0007803
all	389	1734	2260784	0.0007670
all	390	1746	2260784	0.0007723
all	391	1756	2260784	0.0007767
all	392	1693	2260784	0.0007489
all	393	1657	2260784	0.0007329
all	394	1585	2260784	0.0007011
all	395	1701	2260784	0.0007524
all	396	1709	2260784	0.0007559
all	397	1783	2260784	0.0007887
all	398	1714	2260784	0.0007581
all	399	1600	2260784	0.0007077
all	400	1591	2260784	0.0007037
all	401	1562	2260784	0.0006909
all	402	1768	2260784	0.0007820
all	403	1636	2260784	0.0007236
all	404	1606	2260784	0.0007104
all	405	1622	2260784	0.0007175
all	406	1710	2260784	0.0007564
all	407	1725	2260784	0.0007630
all	408	1632	2260784	0.0007219
all	409	1589	2260784	0.0007029
all	410	1697	2260784	0.0007506
all	411	1701	2260784	0.0007524
all	412	1641	2260784	0.0007259
all	413	1591	2260784	0.0007037
all	414	1540	2260784	0.0006812
all	415	1598	2260784	0.0007068
all	416	1621	2260784	0.0007170
all	417	1506	2260784	0.0006661
all	418	1636	2260784	0.0007236
all	419	1575	2260784	0.0006967
all	420	1472	2260784	0.0006511
all	421	1449	2260784	0.0006409
all	422	1563	2260784	0.0006914
all	423	1460	2260784	0.0006458
all	424	1531	2260784	0.0006772
all	425	1547	2260784	0.0006843
all	426	1576	2260784	0.0006971
all	427	1592	2260784	0.0007042
all	428	1525	2260784	0.0006745
all	429	1538	2260784	0.0006803
all	430	1654	2260784	0.0007316
all	431	1366	2260784	0.0006042
all	432	1361	2260784	0.0006020
all	433	1497	2260784	0.0006622
all	434	1386	2260784	0.0006131
all	435	1363	2260784	0.0006029
all	436	1369	2260784	0.0006055
all	437	1374	2260784	0.0006078
all	438	1355	2260784	0.0005993
all	439	1293	2260784	0.0005719
all	440	1293	2260784	0.0005719
all	441	1292	2260784	0.0005715
all	442	1387	2260784	0.0006135
all	443	1280	2260784	0.0005662
all	444	1280	2260784	0.0005662
all	445	1337	2260784	0.0005914
all	446	1310	2260784	0.0005794
all	447	1340	2260784	0.0005927
all	448	1196	2260784	0.0005290
all	449	1299	2260784	0.0005746
all	450	1233	2260784	0.0005454
all	451	1296	2260784	0.0005733
all	452	1188	2260784	0.0005255
all	453	1303	2260784	0.0005763
all	454	1305	2260784	0.0005772
all	455	1230	2260784	0.0005441
all	456	1269	2260784	0.0005613
all	457	1352	2260784	0.0005980
all	458	1203	2260784	0.0005321
all	459	1219	2260784	0.0005392
all	460	1261	2260784	0.0005578
all	461	1238	2260784	0.0005476
all	462	1189	2260784	0.0005259
all	463	1260	2260784	0.0005573
all	464	1219	2260784	0.0005392
all	465	1166	2260784	0.0005158
all	466	1243	2260784	0.0005498
all	467	1135	2260784	0.0005020
all	468	1151	2260784	0.0005091
all	469	1233	2260784	0.0005454
all	470	1192	2260784	0.0005273
all	471	1079	2260784	0.0004773
all	472	1194	2260784	0.0005281
all	473	1196	2260784	0.0005290
all	474	1131	2260784	0.0005003
all	475	1054	2260784	0.0004662
all	476	1147	2260784	0.0005073
all	477	1091	2260784	0.0004826
all	478	1168	2260784	0.0005166
all	479	1108	2260784	0.0004901
all	480	1091	2260784	0.0004826
all	481	1121	2260784	0.0004958
all	482	1094	2260784	0.0004839
all	483	969	2260784	0.0004286
all	484	1065	2260784	0.0004711
all	485	1068	2260784	0.0004724
all	486	995	2260784	0.0004401
all	487	1030	2260784	0.0004556
all	488	1052	2260784	0.0004653
all	489	977	2260784	0.0004322
all	490	1020	2260784	0.0004512
all	491	1020	2260784	0.0004512
all	492	1017	2260784	0.0004498
all	493	982	2260784	0.0004344
all	494	1046	2260784	0.0004627
all	495	1001	2260784	0.0004428
all	496	948	2260784	0.0004193
all	497	1005	2260784	0.0004445
all	498	902	2260784	0.0003990
all	499	946	2260784	0.0004184
all	500	937	2260784	0.0004145
all	501	936	2260784	0.0004140
all	502	1000	2260784	0.0004423
all	503	946	2260784	0.0004184
all	504	907	2260784	0.0004012
all	505	997	2260784	0.0004410
all	506	976	2260784	0.0004317
all	507	913	2260784	0.0004038
all	508	1020	2260784	0.0004512
all	509	1020	2260784	0.0004512
all	510	994	2260784	0.0004397
all	511	890	2260784	0.0003937
all	512	951	2260784	0.0004207
all	513	1004	2260784	0.0004441
all	514	910	2260784	0.0004025
all	515	979	2260784	0.0004330
all	516	921	2260784	0.0004074
all	517	998	2260784	0.0004414
all	518	951	2260784	0.0004207
all	519	878	2260784	0.0003884
all	520	968	2260784	0.0004282
all	521	879	2260784	0.0003888
all	522	910	2260784	0.0004025
all	523	861	2260784	0.0003808
all	524	931	2260784	0.0004118
all	525	883	2260784	0.0003906
all	526	868	2260784	0.0003839
all	527	923	2260784	0.0004083
all	528	891	2260784	0.0003941
all	529	817	2260784	0.0003614
all	530	895	2260784	0.0003959
all	531	919	2260784	0.0004065
all	532	819	2260784	0.0003623
all	533	948	2260784	0.0004193
all	534	873	2260784	0.0003861
all	535	894	2260784	0.0003954
all	536	797	2260784	0.0003525
all	537	843	2260784	0.0003729
all	538	831	2260784	0.0003676
all	539	874	2260784	0.0003866
all	540	787	2260784	0.0003481
all	541	896	2260784	0.0003963
all	542	855	2260784	0.0003782
all	543	793	2260784	0.0003508
all	544	893	2260784	0.0003950
all	545	807	2260784	0.0003570
all	546	793	2260784	0.0003508
all	547	786	2260784	0.0003477
all	548	709	2260784	0.0003136
all	549	788	2260784	0.0003486
all	550	837	2260784	0.0003702
all	551	782	2260784	0.0003459
all	552	858	2260784	0.0003795
all	553	820	2260784	0.0003627
all	554	817	2260784	0.0003614
all	555	769	2260784	0.0003401
all	556	812	2260784	0.0003592
all	557	803	2260784	0.0003552
all	558	733	2260784	0.0003242
all	559	814	2260784	0.0003601
all	560	701	2260784	0.0003101
all	561	732	2260784	0.0003238
all	562	751	2260784	0.0003322
all	563	756	2260784	0.0003344
all	564	737	2260784	0.0003260
all	565	764	2260784	0.0003379
all	566	783	2260784	0.0003463
all	567	708	2260784	0.0003132
all	568	670	2260784	0.0002964
all	569	762	2260784	0.0003371
all	570	778	2260784	0.0003441
all	571	709	2260784	0.0003136
all	572	638	2260784	0.0002822
all	573	689	2260784	0.0003048
all	574	703	2260784	0.0003110
all	575	718	2260784	0.0003176
all	576	616	2260784	0.0002725
all	577	664	2260784	0.0002937
all	578	618	2260784	0.0002734
all	579	708	2260784	0.0003132
all	580	696	2260784	0.0003079
all	581	661	2260784	0.0002924
all	582	646	2260784	0.0002857
all	583	653	2260784	0.0002888
all	584	645	2260784	0.0002853
all	585	579	2260784	0.0002561
all	586	599	2260784	0.0002650
all	587	594	2260784	0.0002627
all	588	616	2260784	0.0002725
all	589	598	2260784	0.0002645
all	590	570	2260784	0.0002521
all	591	519	2260784	0.0002296
all	592	591	2260784	0.0002614
all	593	539	2260784	0.0002384
all	594	541	2260784	0.0002393
all	595	561	2260784	0.0002481
all	596	529	2260784	0.0002340
all	597	479	2260784	0.0002119
all	598	562	2260784	0.0002486
all	599	508	2260784	0.0002247
all	600	531	2260784	0.0002349
all	601	506	2260784	0.0002238
all	602	555	2260784	0.0002455
all	603	549	2260784	0.0002428
all	604	536	2260784	0.0002371
all	605	549	2260784	0.0002428
all	606	545	2260784	0.0002411
all	607	514	2260784	0.0002274
all	608	566	2260784	0.0002504
all	609	474	2260784	0.0002097
all	610	510	2260784	0.0002256
all	611	502	2260784	0.0002220
all	612	546	2260784	0.0002415
all	613	492	2260784	0.0002176
all	614	514	2260784	0.0002274
all	615	475	2260784	0.0002101
all	616	493	2260784	0.0002181
all	617	481	2260784	0.0002128
all	618	510	2260784	0.0002256
all	619	551	2260784	0.0002437
all	620	554	2260784	0.0002450
all	621	497	2260784	0.0002198
all	622	469	2260784	0.0002075
all	623	496	2260784	0.0002194
all	624	501	2260784	0.0002216
all	625	529	2260784	0.0002340
all	626	581	2260784	0.0002570
all	627	548	2260784	0.0002424
all	628	479	2260784	0.0002119
all	629	497	2260784	0.0002198
all	630	482	2260784	0.0002132
all	631	481	2260784	0.0002128
all	632	467	2260784	0.0002066
all	633	455	2260784	0.0002013
all	634	535	2260784	0.0002366
all	635	487	2260784	0.0002154
all	636	484	2260784	0.0002141
all	637	439	2260784	0.0001942
all	638	472	2260784	0.0002088
all	639	456	2260784	0.0002017
all	640	490	2260784	0.0002167
all	641	449	2260784	0.0001986
all	642	445	2260784	0.0001968
all	643	467	2260784	0.0002066
all	644	435	2260784	0.0001924
all	645	460	2260784	0.0002035
all	646	357	2260784	0.0001579
all	647	429	2260784	0.0001898
all	648	397	2260784	0.0001756
all	649	441	2260784	0.0001951
all	650	441	2260784	0.0001951
all	651	494	2260784	0.0002185
all	652	452	2260784	0.0001999
all	653	421	2260784	0.0001862
all	654	435	2260784	0.0001924
all	655	462	2260784	0.0002044
all	656	390	2260784	0.0001725
all	657	396	2260784	0.0001752
all	658	425	2260784	0.0001880
all	659	407	2260784	0.0001800
all	660	383	2260784	0.0001694
all	661	419	2260784	0.0001853
all	662	431	2260784	0.0001906
all	663	410	2260784	0.0001814
all	664	433	2260784	0.0001915
all	665	439	2260784	0.0001942
all	666	366	2260784	0.0001619
all	667	390	2260784	0.0001725
all	668	431	2260784	0.0001906
all	669	452	2260784	0.0001999
all	670	416	2260784	0.0001840
all	671	406	2260784	0.0001796
all	672	357	2260784	0.0001579
all	673	373	2260784	0.0001650
all	674	323	2260784	0.0001429
all	675	410	2260784	0.0001814
all	676	323	2260784	0.0001429
all	677	369	2260784	0.0001632
all	678	399	2260784	0.0001765
all	679	347	2260784	0.0001535
all	680	361	2260784	0.0001597
all	681	376	2260784	0.0001663
all	682	337	2260784	0.0001491
all	683	331	2260784	0.0001464
all	684	315	2260784	0.0001393
all	685	360	2260784	0.0001592
all	686	358	2260784	0.0001584
all	687	289	2260784	0.0001278
all	688	368	2260784	0.0001628
all	689	306	2260784	0.0001354
all	690	319	2260784	0.0001411
all	691	279	2260784	0.0001234
all	692	338	2260784	0.0001495
all	693	321	2260784	0.0001420
all	694	314	2260784	0.0001389
all	695	281	2260784	0.0001243
all	696	239	2260784	0.0001057
all	697	317	2260784	0.0001402
all	698	264	2260784	0.0001168
all	699	263	2260784	0.0001163
all	700	250	2260784	0.0001106
all	701	326	2260784	0.0001442
all	702	281	2260784	0.0001243
all	703	279	2260784	0.0001234
all	704	283	2260784	0.0001252
all	705	260	2260784	0.0001150
all	706	245	2260784	0.0001084
all	707	265	2260784	0.0001172
all	708	261	2260784	0.0001154
all	709	230	2260784	0.0001017
all	710	281	2260784	0.0001243
all	711	279	2260784	0.0001234
all	712	252	2260784	0.0001115
all	713	226	2260784	0.0001000
all	714	268	2260784	0.0001185
all	715	244	2260784	0.0001079
all	716	238	2260784	0.0001053
all	717	253	2260784	0.0001119
all	718	236	2260784	0.0001044
all	719	306	2260784	0.0001354
all	720	263	2260784	0.0001163
all	721	231	2260784	0.0001022
all	722	260	2260784	0.0001150
all	723	286	2260784	0.0001265
all	724	287	2260784	0.0001269
all	725	256	2260784	0.0001132
all	726	213	2260784	0.0000942
all	727	248	2260784	0.0001097
all	728	224	2260784	0.0000991
all	729	246	2260784	0.0001088
all	730	288	2260784	0.0001274
all	731	191	2260784	0.0000845
all	732	255	2260784	0.0001128
all	733	229	2260784	0.0001013
all	734	277	2260784	0.0001225
all	735	233	2260784	0.0001031
all	736	229	2260784	0.0001013
all	737	219	2260784	0.0000969
all	738	188	2260784	0.0000832
all	739	249	2260784	0.0001101
all	740	233	2260784	0.0001031
all	741	204	2260784	0.0000902
all	742	239	2260784	0.0001057
all	743	193	2260784	0.0000854
all	744	179	2260784	0.0000792
all	745	214	2260784	0.0000947
all	746	184	2260784	0.0000814
all	747	196	2260784	0.0000867
all	748	181	2260784	0.0000801
all	749	215	2260784	0.0000951
all	750	207	2260784	0.0000916
all	751	210	2260784	0.0000929
all	752	224	2260784	0.0000991
all	753	191	2260784	0.0000845
all	754	229	2260784	0.0001013
all	755	211	2260784	0.0000933
all	756	180	2260784	0.0000796
all	757	225	2260784	0.0000995
all	758	212	2260784	0.0000938
all	759	195	2260784	0.0000863
all	760	173	2260784	0.0000765
all	761	173	2260784	0.0000765
all	762	161	2260784	0.0000712
all	763	194	2260784	0.0000858
all	764	154	2260784	0.0000681
all	765	153	2260784	0.0000677
all	766	171	2260784	0.0000756
all	767	148	2260784	0.0000655
all	768	185	2260784	0.0000818
all	769	182	2260784	0.0000805
all	770	159	2260784	0.0000703
all	771	126	2260784	0.0000557
all	772	147	2260784	0.0000650
all	773	105	2260784	0.0000464
all	774	197	2260784	0.0000871
all	775	165	2260784	0.0000730
all	776	205	2260784	0.0000907
all	777	149	2260784	0.0000659
all	778	149	2260784	0.0000659
all	779	189	2260784	0.0000836
all	780	155	2260784	0.0000686
all	781	154	2260784	0.0000681
all	782	137	2260784	0.0000606
all	783	167	2260784	0.0000739
all	784	170	2260784	0.0000752
all	785	134	2260784	0.0000593
all	786	153	2260784	0.0000677
all	787	171	2260784	0.0000756
all	788	150	2260784	0.0000663
all	789	147	2260784	0.0000650
all	790	176	2260784	0.0000778
all	791	121	2260784	0.0000535
all	792	161	2260784	0.0000712
all	793	116	2260784	0.0000513
all	794	142	2260784	0.0000628
all	795	130	2260784	0.0000575
all	796	140	2260784	0.0000619
all	797	139	2260784	0.0000615
all	798	147	2260784	0.0000650
all	799	134	2260784	0.0000593
all	800	143	2260784	0.0000633
all	801	126	2260784	0.0000557
all	802	130	2260784	0.0000575
all	803	135	2260784	0.0000597
all	804	126	2260784	0.0000557
all	805	126	2260784	0.0000557
all	806	117	2260784	0.0000518
all	807	112	2260784	0.0000495
all	808	135	2260784	0.0000597
all	809	120	2260784	0.0000531
all	810	114	2260784	0.0000504
all	811	126	2260784	0.0000557
all	812	140	2260784	0.0000619
all	813	97	2260784	0.0000429
all	814	118	2260784	0.0000522
all	815	111	2260784	0.0000491
all	816	136	2260784	0.0000602
all	817	129	2260784	0.0000571
all	818	128	2260784	0.0000566
all	819	127	2260784	0.0000562
all	820	126	2260784	0.0000557
all	821	131	2260784	0.0000579
all	822	142	2260784	0.0000628
all	823	86	2260784	0.0000380
all	824	124	2260784	0.0000548
all	825	105	2260784	0.0000464
all	826	123	2260784	0.0000544
all	827	93	2260784	0.0000411
all	828	100	2260784	0.0000442
all	829	121	2260784	0.0000535
all	830	103	2260784	0.0000456
all	831	106	2260784	0.0000469
all	832	125	2260784	0.0000553
all	833	120	2260784	0.0000531
all	834	100	2260784	0.0000442
all	835	105	2260784	0.0000464
all	836	133	2260784	0.0000588
all	837	112	2260784	0.0000495
all	838	121	2260784	0.0000535
all	839	89	2260784	0.0000394
all	840	96	2260784	0.0000425
all	841	103	2260784	0.0000456
all	842	94	2260784	0.0000416
all	843	101	2260784	0.0000447
all	844	124	2260784	0.0000548
all	845	95	2260784	0.0000420
all	846	88	2260784	0.0000389
all	847	102	2260784	0.0000451
all	848	102	2260784	0.0000451
all	849	151	2260784	0.0000668
all	850	108	2260784	0.0000478
all	851	98	2260784	0.0000433
all	852	107	2260784	0.0000473
all	853	107	2260784	0.0000473
all	854	83	2260784	0.0000367
all	855	84	2260784	0.0000372
all	856	97	2260784	0.0000429
all	857	109	2260784	0.0000482
all	858	91	2260784	0.0000403
all	859	88	2260784	0.0000389
all	860	68	2260784	0.0000301
all	861	74	2260784	0.0000327
all	862	93	2260784	0.0000411
all	863	101	2260784	0.0000447
all	864	102	2260784	0.0000451
all	865	68	2260784	0.0000301
all	866	86	2260784	0.0000380
all	867	68	2260784	0.0000301
all	868	83	2260784	0.0000367
all	869	92	2260784	0.0000407
all	870	73	2260784	0.0000323
all	871	103	2260784	0.0000456
all	872	72	2260784	0.0000318
all	873	76	2260784	0.0000336
all	874	64	2260784	0.0000283
all	875	67	2260784	0.0000296
all	876	70	2260784	0.0000310
all	877	69	2260784	0.0000305
all	878	77	2260784	0.0000341
all	879	71	2260784	0.0000314
all	880	64	2260784	0.0000283
all	881	52	2260784	0.0000230
all	882	66	2260784	0.0000292
all	883	66	2260784	0.0000292
all	884	105	2260784	0.0000464
all	885	78	2260784	0.0000345
all	886	104	2260784	0.0000460
all	887	73	2260784	0.0000323
all	888	76	2260784	0.0000336
all	889	90	2260784	0.0000398
all	890	76	2260784	0.0000336
all	891	71	2260784	0.0000314
all	892	54	2260784	0.0000239
all	893	90	2260784	0.0000398
all	894	56	2260784	0.0000248
all	895	115	2260784	0.0000509
all	896	62	2260784	0.0000274
all	897	50	2260784	0.0000221
all	898	82	2260784	0.0000363
all	899	69	2260784	0.0000305
all	900	55	2260784	0.0000243
all	901	62	2260784	0.0000274
all	902	59	2260784	0.0000261
all	903	66	2260784	0.0000292
all	904	50	2260784	0.0000221
all	905	53	2260784	0.0000234
all	906	55	2260784	0.0000243
all	907	75	2260784	0.0000332
all	908	55	2260784	0.0000243
all	909	40	2260784	0.0000177
all	910	49	2260784	0.0000217
all	911	36	2260784	0.0000159
all	912	64	2260784	0.0000283
all	913	61	2260784	0.0000270
all	914	55	2260784	0.0000243
all	915	60	2260784	0.0000265
all	916	64	2260784	0.0000283
all	917	68	2260784	0.0000301
all	918	50	2260784	0.0000221
all	919	59	2260784	0.0000261
all	920	82	2260784	0.0000363
all	921	80	2260784	0.0000354
all	922	55	2260784	0.0000243
all	923	73	2260784	0.0000323
all	924	43	2260784	0.0000190
all	925	53	2260784	0.0000234
all	926	41	2260784	0.0000181
all	927	65	2260784	0.0000288
all	928	68	2260784	0.0000301
all	929	79	2260784	0.0000349
all	930	46	2260784	0.0000203
all	931	54	2260784	0.0000239
all	932	73	2260784	0.0000323
all	933	64	2260784	0.0000283
all	934	55	2260784	0.0000243
all	935	79	2260784	0.0000349
all	936	55	2260784	0.0000243
all	937	34	2260784	0.0000150
all	938	58	2260784	0.0000257
all	939	56	2260784	0.0000248
all	940	55	2260784	0.0000243
all	941	60	2260784	0.0000265
all	942	54	2260784	0.0000239
all	943	43	2260784	0.0000190
all	944	80	2260784	0.0000354
all	945	53	2260784	0.0000234
all	946	55	2260784	0.0000243
all	947	64	2260784	0.0000283
all	948	55	2260784	0.0000243
all	949	52	2260784	0.0000230
all	950	43	2260784	0.0000190
all	951	48	2260784	0.0000212
all	952	66	2260784	0.0000292
all	953	51	2260784	0.0000226
all	954	57	2260784	0.0000252
all	955	55	2260784	0.0000243
all	956	36	2260784	0.0000159
all	957	50	2260784	0.0000221
all	958	58	2260784	0.0000257
all	959	40	2260784	0.0000177
all	960	59	2260784	0.0000261
all	961	42	2260784	0.0000186
all	962	49	2260784	0.0000217
all	963	53	2260784	0.0000234
all	964	53	2260784	0.0000234
all	965	62	2260784	0.0000274
all	966	50	2260784	0.0000221
all	967	58	2260784	0.0000257
all	968	48	2260784	0.0000212
all	969	45	2260784	0.0000199
all	970	37	2260784	0.0000164
all	971	53	2260784	0.0000234
all	972	32	2260784	0.0000142
all	973	47	2260784	0.0000208
all	974	44	2260784	0.0000195
all	975	46	2260784	0.0000203
all	976	64	2260784	0.0000283
all	977	56	2260784	0.0000248
all	978	48	2260784	0.0000212
all	979	36	2260784	0.0000159
all	980	44	2260784	0.0000195
all	981	38	2260784	0.0000168
all	982	32	2260784	0.0000142
all	983	40	2260784	0.0000177
all	984	37	2260784	0.0000164
all	985	28	2260784	0.0000124
all	986	39	2260784	0.0000173
all	987	37	2260784	0.0000164
all	988	21	2260784	0.0000093
all	989	40	2260784	0.0000177
all	990	24	2260784	0.0000106
all	991	27	2260784	0.0000119
all	992	19	2260784	0.0000084
all	993	26	2260784	0.0000115
all	994	22	2260784	0.0000097
all	995	20	2260784	0.0000088
all	996	42	2260784	0.0000186
all	997	19	2260784	0.0000084
all	998	41	2260784	0.0000181
all	999	32	2260784	0.0000142
all	1000	28	2260784	0.0000124
all	1001	22	2260784	0.0000097
all	1002	31	2260784	0.0000137
all	1003	20	2260784	0.0000088
all	1004	18	2260784	0.0000080
all	1005	21	2260784	0.0000093
all	1006	23	2260784	0.0000102
all	1007	25	2260784	0.0000111
all	1008	23	2260784	0.0000102
all	1009	19	2260784	0.0000084
all	1010	33	2260784	0.0000146
all	1011	26	2260784	0.0000115
all	1012	24	2260784	0.0000106
all	1013	17	2260784	0.0000075
all	1014	14	2260784	0.0000062
all	1015	19	2260784	0.0000084
all	1016	25	2260784	0.0000111
all	1017	25	2260784	0.0000111
all	1018	22	2260784	0.0000097
all	1019	16	2260784	0.0000071
all	1020	14	2260784	0.0000062
all	1021	25	2260784	0.0000111
all	1022	21	2260784	0.0000093
all	1023	26	2260784	0.0000115
all	1024	24	2260784	0.0000106
all	1025	19	2260784	0.0000084
all	1026	39	2260784	0.0000173
all	1027	14	2260784	0.0000062
all	1028	15	2260784	0.0000066
all	1029	27	2260784	0.0000119
all	1030	21	2260784	0.0000093
all	1031	16	2260784	0.0000071
all	1032	16	2260784	0.0000071
all	1033	25	2260784	0.0000111
all	1034	21	2260784	0.0000093
all	1035	18	2260784	0.0000080
all	1036	22	2260784	0.0000097
all	1037	24	2260784	0.0000106
all	1038	19	2260784	0.0000084
all	1039	9	2260784	0.0000040
all	1040	18	2260784	0.0000080
all	1041	29	2260784	0.0000128
all	1042	22	2260784	0.0000097
all	1043	14	2260784	0.0000062
all	1044	20	2260784	0.0000088
all	1045	11	2260784	0.0000049
all	1046	13	2260784	0.0000058
all	1047	20	2260784	0.0000088
all	1048	35	2260784	0.0000155
all	1049	19	2260784	0.0000084
all	1050	19	2260784	0.0000084
all	1051	5	2260784	0.0000022
all	1052	16	2260784	0.0000071
all	1053	17	2260784	0.0000075
all	1054	20	2260784	0.0000088
all	1055	29	2260784	0.0000128
all	1056	21	2260784	0.0000093
all	1057	22	2260784	0.0000097
all	1058	32	2260784	0.0000142
all	1059	25	2260784	0.0000111
all	1060	26	2260784	0.0000115
all	1061	23	2260784	0.0000102
all	1062	12	2260784	0.0000053
all	1063	17	2260784	0.0000075
all	1064	22	2260784	0.0000097
all	1065	6	2260784	0.0000027
all	1066	7	2260784	0.0000031
all	1067	17	2260784	0.0000075
all	1068	14	2260784	0.0000062
all	1069	14	2260784	0.0000062
all	1070	11	2260784	0.0000049
all	1071	19	2260784	0.0000084
all	1072	14	2260784	0.0000062
all	1073	9	2260784	0.0000040
all	1074	12	2260784	0.0000053
all	1075	26	2260784	0.0000115
all	1076	22	2260784	0.0000097
all	1077	18	2260784	0.0000080
all	1078	20	2260784	0.0000088
all	1079	19	2260784	0.0000084
all	1080	20	2260784	0.0000088
all	1081	13	2260784	0.0000058
all	1082	15	2260784	0.0000066
all	1083	10	2260784	0.0000044
all	1084	9	2260784	0.0000040
all	1085	13	2260784	0.0000058
all	1086	15	2260784	0.0000066
all	1087	12	2260784	0.0000053
all	1088	14	2260784	0.0000062
all	1089	19	2260784	0.0000084
all	1090	7	2260784	0.0000031
all	1091	16	2260784	0.0000071
all	1092	19	2260784	0.0000084
all	1093	23	2260784	0.0000102
all	1094	12	2260784	0.0000053
all	1095	12	2260784	0.0000053
all	1096	7	2260784	0.0000031
all	1097	20	2260784	0.0000088
all	1098	16	2260784	0.0000071
all	1099	20	2260784	0.0000088
all	1100	12	2260784	0.0000053
all	1101	10	2260784	0.0000044
all	1102	16	2260784	0.0000071
all	1103	6	2260784	0.0000027
all	1104	9	2260784	0.0000040
all	1105	12	2260784	0.0000053
all	1106	20	2260784	0.0000088
all	1107	17	2260784	0.0000075
all	1108	16	2260784	0.0000071
all	1109	10	2260784	0.0000044
all	1110	19	2260784	0.0000084
all	1111	20	2260784	0.0000088
all	1112	11	2260784	0.0000049
all	1113	7	2260784	0.0000031
all	1114	14	2260784	0.0000062
all	1115	8	2260784	0.0000035
all	1116	15	2260784	0.0000066
all	1117	11	2260784	0.0000049
all	1118	10	2260784	0.0000044
all	1119	11	2260784	0.0000049
all	1120	8	2260784	0.0000035
all	1121	13	2260784	0.0000058
all	1122	3	2260784	0.0000013
all	1123	11	2260784	0.0000049
all	1124	15	2260784	0.0000066
all	1125	16	2260784	0.0000071
all	1126	14	2260784	0.0000062
all	1127	3	2260784	0.0000013
all	1128	18	2260784	0.0000080
all	1129	10	2260784	0.0000044
all	1130	16	2260784	0.0000071
all	1131	10	2260784	0.0000044
all	1132	12	2260784	0.0000053
all	1133	8	2260784	0.0000035
all	1134	8	2260784	0.0000035
all	1135	1	2260784	0.0000004
all	1136	11	2260784	0.0000049
all	1137	13	2260784	0.0000058
all	1138	11	2260784	0.0000049
all	1139	10	2260784	0.0000044
all	1140	21	2260784	0.0000093
all	1141	16	2260784	0.0000071
all	1142	23	2260784	0.0000102
all	1143	22	2260784	0.0000097
all	1144	13	2260784	0.0000058
all	1145	13	2260784	0.0000058
all	1146	12	2260784	0.0000053
all	1147	20	2260784	0.0000088
all	1148	13	2260784	0.0000058
all	1149	8	2260784	0.0000035
all	1150	8	2260784	0.0000035
all	1151	8	2260784	0.0000035
all	1152	7	2260784	0.0000031
all	1153	8	2260784	0.0000035
all	1154	9	2260784	0.0000040
all	1155	10	2260784	0.0000044
all	1156	16	2260784	0.0000071
all	1157	11	2260784	0.0000049
all	1158	8	2260784	0.0000035
all	1159	10	2260784	0.0000044
all	1160	20	2260784	0.0000088
all	1161	5	2260784	0.0000022
all	1162	15	2260784	0.0000066
all	1163	17	2260784	0.0000075
all	1164	8	2260784	0.0000035
all	1165	21	2260784	0.0000093
all	1166	20	2260784	0.0000088
all	1167	14	2260784	0.0000062
all	1168	9	2260784	0.0000040
all	1169	10	2260784	0.0000044
all	1170	12	2260784	0.0000053
all	1171	18	2260784	0.0000080
all	1172	10	2260784	0.0000044
all	1173	10	2260784	0.0000044
all	1174	8	2260784	0.0000035
all	1175	6	2260784	0.0000027
all	1176	16	2260784	0.0000071
all	1177	17	2260784	0.0000075
all	1178	9	2260784	0.0000040
all	1179	10	2260784	0.0000044
all	1180	19	2260784	0.0000084
all	1181	8	2260784	0.0000035
all	1182	12	2260784	0.0000053
all	1183	10	2260784	0.0000044
all	1184	9	2260784	0.0000040
all	1185	13	2260784	0.0000058
all	1186	18	2260784	0.0000080
all	1187	17	2260784	0.0000075
all	1188	13	2260784	0.0000058
all	1189	10	2260784	0.0000044
all	1190	18	2260784	0.0000080
all	1191	7	2260784	0.0000031
all	1192	14	2260784	0.0000062
all	1193	11	2260784	0.0000049
all	1194	9	2260784	0.0000040
all	1195	17	2260784	0.0000075
all	1196	9	2260784	0.0000040
all	1197	16	2260784	0.0000071
all	1198	11	2260784	0.0000049
all	1199	8	2260784	0.0000035
all	1200	17	2260784	0.0000075
all	1201	8	2260784	0.0000035
all	1202	18	2260784	0.0000080
all	1203	14	2260784	0.0000062
all	1204	8	2260784	0.0000035
all	1205	12	2260784	0.0000053
all	1206	2	2260784	0.0000009
all	1207	13	2260784	0.0000058
all	1208	14	2260784	0.0000062
all	1209	17	2260784	0.0000075
all	1210	8	2260784	0.0000035
all	1211	13	2260784	0.0000058
all	1212	16	2260784	0.0000071
all	1213	8	2260784	0.0000035
all	1214	10	2260784	0.0000044
all	1215	8	2260784	0.0000035
all	1216	13	2260784	0.0000058
all	1217	5	2260784	0.0000022
all	1218	6	2260784	0.0000027
all	1219	13	2260784	0.0000058
all	1220	6	2260784	0.0000027
all	1221	10	2260784	0.0000044
all	1222	8	2260784	0.0000035
all	1223	4	2260784	0.0000018
all	1224	5	2260784	0.0000022
all	1225	15	2260784	0.0000066
all	1226	3	2260784	0.0000013
all	1227	14	2260784	0.0000062
all	1228	11	2260784	0.0000049
all	1229	4	2260784	0.0000018
all	1230	8	2260784	0.0000035
all	1231	9	2260784	0.0000040
all	1232	3	2260784	0.0000013
all	1233	4	2260784	0.0000018
all	1234	6	2260784	0.0000027
all	1235	13	2260784	0.0000058
all	1236	9	2260784	0.0000040
all	1237	3	2260784	0.0000013
all	1238	6	2260784	0.0000027
all	1239	6	2260784	0.0000027
all	1240	6	2260784	0.0000027
all	1241	4	2260784	0.0000018
all	1242	16	2260784	0.0000071
all	1243	14	2260784	0.0000062
all	1244	8	2260784	0.0000035
all	1245	6	2260784	0.0000027
all	1246	6	2260784	0.0000027
all	1247	12	2260784	0.0000053
all	1248	10	2260784	0.0000044
all	1251	3	2260784	0.0000013
all	1252	7	2260784	0.0000031
all	1253	8	2260784	0.0000035
all	1254	6	2260784	0.0000027
all	1255	16	2260784	0.0000071
all	1256	6	2260784	0.0000027
all	1257	9	2260784	0.0000040
all	1258	12	2260784	0.0000053
all	1259	5	2260784	0.0000022
all	1260	4	2260784	0.0000018
all	1261	11	2260784	0.0000049
all	1263	3	2260784	0.0000013
all	1264	5	2260784	0.0000022
all	1265	8	2260784	0.0000035
all	1266	6	2260784	0.0000027
all	1267	8	2260784	0.0000035
all	1268	3	2260784	0.0000013
all	1269	7	2260784	0.0000031
all	1272	2	2260784	0.0000009
all	1273	4	2260784	0.0000018
all	1274	1	2260784	0.0000004
all	1276	8	2260784	0.0000035
all	1277	7	2260784	0.0000031
all	1278	10	2260784	0.0000044
all	1279	2	2260784	0.0000009
all	1280	7	2260784	0.0000031
all	1281	4	2260784	0.0000018
all	1282	2	2260784	0.0000009
all	1283	1	2260784	0.0000004
all	1284	2	2260784	0.0000009
all	1285	2	2260784	0.0000009
all	1286	5	2260784	0.0000022
all	1287	4	2260784	0.0000018
all	1288	5	2260784	0.0000022
all	1289	11	2260784	0.0000049
all	1290	3	2260784	0.0000013
all	1292	4	2260784	0.0000018
all	1293	3	2260784	0.0000013
all	1294	7	2260784	0.0000031
all	1295	8	2260784	0.0000035
all	1297	2	2260784	0.0000009
all	1298	4	2260784	0.0000018
all	1299	2	2260784	0.0000009
all	1300	6	2260784	0.0000027
all	1301	2	2260784	0.0000009
all	1302	5	2260784	0.0000022
all	1303	6	2260784	0.0000027
all	1304	8	2260784	0.0000035
all	1306	2	2260784	0.0000009
all	1308	6	2260784	0.0000027
all	1309	6	2260784	0.0000027
all	1310	1	2260784	0.0000004
all	1311	2	2260784	0.0000009
all	1312	5	2260784	0.0000022
all	1313	1	2260784	0.0000004
all	1314	8	2260784	0.0000035
all	1315	4	2260784	0.0000018
all	1316	2	2260784	0.0000009
all	1317	4	2260784	0.0000018
all	1318	2	2260784	0.0000009
all	1320	4	2260784	0.0000018
all	1323	4	2260784	0.0000018
all	1326	2	2260784	0.0000009
all	1327	6	2260784	0.0000027
all	1328	1	2260784	0.0000004
all	1330	2	2260784	0.0000009
all	1331	2	2260784	0.0000009
all	1333	2	2260784	0.0000009
all	1334	2	2260784	0.0000009
all	1336	2	2260784	0.0000009
all	1337	2	2260784	0.0000009
all	1338	8	2260784	0.0000035
all	1339	5	2260784	0.0000022
all	1340	4	2260784	0.0000018
all	1341	2	2260784	0.0000009
all	1343	4	2260784	0.0000018
all	1344	9	2260784	0.0000040
all	1346	4	2260784	0.0000018
all	1347	2	2260784	0.0000009
all	1349	2	2260784	0.0000009
all	1351	3	2260784	0.0000013
all	1352	6	2260784	0.0000027
all	1354	5	2260784	0.0000022
all	1355	2	2260784	0.0000009
all	1358	4	2260784	0.0000018
all	1359	2	2260784	0.0000009
all	1360	3	2260784	0.0000013
all	1361	4	2260784	0.0000018
all	1362	2	2260784	0.0000009
all	1364	3	2260784	0.0000013
all	1365	4	2260784	0.0000018
all	1366	5	2260784	0.0000022
all	1367	4	2260784	0.0000018
all	1368	4	2260784	0.0000018
all	1369	2	2260784	0.0000009
all	1376	2	2260784	0.0000009
all	1378	4	2260784	0.0000018
all	1379	5	2260784	0.0000022
all	1381	4	2260784	0.0000018
all	1382	6	2260784	0.0000027
all	1383	4	2260784	0.0000018
all	1384	2	2260784	0.0000009
all	1385	2	2260784	0.0000009
all	1387	5	2260784	0.0000022
all	1388	9	2260784	0.0000040
all	1389	1	2260784	0.0000004
all	1391	2	2260784	0.0000009
all	1392	2	2260784	0.0000009
all	1393	2	2260784	0.0000009
all	1394	2	2260784	0.0000009
all	1395	2	2260784	0.0000009
all	1402	4	2260784	0.0000018
all	1403	1	2260784	0.0000004
all	1407	2	2260784	0.0000009
all	1408	4	2260784	0.0000018
all	1409	1	2260784	0.0000004
all	1411	3	2260784	0.0000013
all	1412	1	2260784	0.0000004
all	1414	2	2260784	0.0000009
all	1418	1	2260784	0.0000004
all	1421	2	2260784	0.0000009
all	1424	2	2260784	0.0000009
all	1425	1	2260784	0.0000004
all	1426	4	2260784	0.0000018
all	1427	3	2260784	0.0000013
all	1435	1	2260784	0.0000004
all	1437	2	2260784	0.0000009
all	1438	6	2260784	0.0000027
all	1440	2	2260784	0.0000009
all	1442	7	2260784	0.0000031
all	1444	5	2260784	0.0000022
all	1445	2	2260784	0.0000009
all	1447	4	2260784	0.0000018
all	1448	2	2260784	0.0000009
all	1449	2	2260784	0.0000009
all	1450	2	2260784	0.0000009
all	1452	2	2260784	0.0000009
all	1453	2	2260784	0.0000009
all	1455	4	2260784	0.0000018
all	1456	3	2260784	0.0000013
all	1461	6	2260784	0.0000027
all	1462	1	2260784	0.0000004
all	1463	3	2260784	0.0000013
all	1464	2	2260784	0.0000009
all	1465	2	2260784	0.0000009
all	1466	5	2260784	0.0000022
all	1467	4	2260784	0.0000018
all	1468	2	2260784	0.0000009
all	1469	6	2260784	0.0000027
all	1470	2	2260784	0.0000009
all	1471	2	2260784	0.0000009
all	1472	3	2260784	0.0000013
all	1473	4	2260784	0.0000018
all	1474	4	2260784	0.0000018
all	1475	2	2260784	0.0000009
all	1476	2	2260784	0.0000009
all	1477	4	2260784	0.0000018
all	1478	2	2260784	0.0000009
all	1480	2	2260784	0.0000009
all	1482	4	2260784	0.0000018
all	1483	2	2260784	0.0000009
all	1484	9	2260784	0.0000040
all	1485	3	2260784	0.0000013
all	1486	1	2260784	0.0000004
all	1489	2	2260784	0.0000009
all	1491	2	2260784	0.0000009
all	1492	5	2260784	0.0000022
all	1493	8	2260784	0.0000035
all	1495	7	2260784	0.0000031
all	1497	2	2260784	0.0000009
all	1498	2	2260784	0.0000009
all	1499	6	2260784	0.0000027
all	1501	3	2260784	0.0000013
all	1502	2	2260784	0.0000009
all	1503	6	2260784	0.0000027
all	1504	1	2260784	0.0000004
all	1505	2	2260784	0.0000009
all	1507	2	2260784	0.0000009
all	1508	4	2260784	0.0000018
all	1510	5	2260784	0.0000022
all	1511	2	2260784	0.0000009
all	1513	3	2260784	0.0000013
all	1514	2	2260784	0.0000009
all	1515	1	2260784	0.0000004
all	1519	3	2260784	0.0000013
all	1520	2	2260784	0.0000009
all	1524	2	2260784	0.0000009
all	1525	1	2260784	0.0000004
all	1527	1	2260784	0.0000004
all	1528	1	2260784	0.0000004
all	1529	1	2260784	0.0000004
all	1531	1	2260784	0.0000004
all	1532	1	2260784	0.0000004
all	1534	2	2260784	0.0000009
all	1535	1	2260784	0.0000004
all	1536	2	2260784	0.0000009
all	1538	5	2260784	0.0000022
all	1541	3	2260784	0.0000013
all	1542	3	2260784	0.0000013
all	1543	1	2260784	0.0000004
all	1544	4	2260784	0.0000018
all	1545	4	2260784	0.0000018
all	1546	2	2260784	0.0000009
all	1547	1	2260784	0.0000004
all	1549	2	2260784	0.0000009
all	1550	1	2260784	0.0000004
all	1551	4	2260784	0.0000018
all	1552	1	2260784	0.0000004
all	1553	2	2260784	0.0000009
all	1554	2	2260784	0.0000009
all	1555	1	2260784	0.0000004
all	1557	2	2260784	0.0000009
all	1559	1	2260784	0.0000004
all	1561	2	2260784	0.0000009
all	1564	2	2260784	0.0000009
all	1565	1	2260784	0.0000004
all	1566	2	2260784	0.0000009
all	1567	2	2260784	0.0000009
all	1571	2	2260784	0.0000009
all	1574	2	2260784	0.0000009
all	1577	2	2260784	0.0000009
all	1580	4	2260784	0.0000018
all	1581	4	2260784	0.0000018
all	1582	2	2260784	0.0000009
all	1583	6	2260784	0.0000027
all	1584	4	2260784	0.0000018
all	1585	2	2260784	0.0000009
all	1588	1	2260784	0.0000004
all	1591	2	2260784	0.0000009
all	1595	2	2260784	0.0000009
all	1596	2	2260784	0.0000009
all	1597	4	2260784	0.0000018
all	1598	1	2260784	0.0000004
all	1599	2	2260784	0.0000009
all	1600	1	2260784	0.0000004
all	1601	4	2260784	0.0000018
all	1602	5	2260784	0.0000022
all	1603	4	2260784	0.0000018
all	1605	4	2260784	0.0000018
all	1609	2	2260784	0.0000009
all	1610	4	2260784	0.0000018
all	1613	4	2260784	0.0000018
all	1614	2	2260784	0.0000009
all	1616	2	2260784	0.0000009
all	1617	2	2260784	0.0000009
all	1619	2	2260784	0.0000009
all	1620	4	2260784	0.0000018
all	1621	4	2260784	0.0000018
all	1626	2	2260784	0.0000009
all	1627	5	2260784	0.0000022
all	1629	4	2260784	0.0000018
all	1630	2	2260784	0.0000009
all	1632	1	2260784	0.0000004
all	1634	8	2260784	0.0000035
all	1635	4	2260784	0.0000018
all	1636	2	2260784	0.0000009
all	1637	1	2260784	0.0000004
all	1639	6	2260784	0.0000027
all	1641	2	2260784	0.0000009
all	1642	4	2260784	0.0000018
all	1643	4	2260784	0.0000018
all	1644	10	2260784	0.0000044
all	1645	8	2260784	0.0000035
all	1648	2	2260784	0.0000009
all	1649	2	2260784	0.0000009
all	1650	2	2260784	0.0000009
all	1651	2	2260784	0.0000009
all	1652	2	2260784	0.0000009
all	1655	2	2260784	0.0000009
all	1656	2	2260784	0.0000009
all	1659	4	2260784	0.0000018
all	1664	6	2260784	0.0000027
all	1669	2	2260784	0.0000009
all	1688	2	2260784	0.0000009
all	1697	2	2260784	0.0000009
all	1698	2	2260784	0.0000009
all	1701	2	2260784	0.0000009
all	1702	4	2260784	0.0000018
all	1704	2	2260784	0.0000009
all	1705	8	2260784	0.0000035
all	1706	4	2260784	0.0000018
all	1707	2	2260784	0.0000009
all	1710	2	2260784	0.0000009
all	1713	2	2260784	0.0000009
all	1715	2	2260784	0.0000009
all	1717	2	2260784	0.0000009
all	1718	2	2260784	0.0000009
all	1719	2	2260784	0.0000009
all	1720	2	2260784	0.0000009
all	1721	4	2260784	0.0000018
all	1722	6	2260784	0.0000027
all	1724	2	2260784	0.0000009
all	1726	2	2260784	0.0000009
all	1733	2	2260784	0.0000009
all	1734	4	2260784	0.0000018
all	1737	2	2260784	0.0000009
all	1738	2	2260784	0.0000009
all	1740	4	2260784	0.0000018
all	1742	4	2260784	0.0000018
all	1744	2	2260784	0.0000009
all	1745	2	2260784	0.0000009
all	1747	2	2260784	0.0000009
all	1748	4	2260784	0.0000018
all	1750	2	2260784	0.0000009
all	1751	2	2260784	0.0000009
all	1752	2	2260784	0.0000009
all	1761	2	2260784	0.0000009
all	1762	4	2260784	0.0000018
all	1763	2	2260784	0.0000009
all	1764	2	2260784	0.0000009
all	1767	2	2260784	0.0000009
all	1769	2	2260784	0.0000009
all	1772	4	2260784	0.0000018
all	1773	2	2260784	0.0000009
all	1774	2	2260784	0.0000009
all	1784	2	2260784	0.0000009
all	1786	2	2260784	0.0000009
all	1791	2	2260784	0.0000009
all	1795	4	2260784	0.0000018
all	1797	1	2260784	0.0000004
all	1801	2	2260784	0.0000009
all	1802	2	2260784	0.0000009
all	1803	1	2260784	0.0000004
all	1804	2	2260784	0.0000009
all	1812	2	2260784	0.0000009
all	1816	2	2260784	0.0000009
all	1817	2	2260784	0.0000009
all	1821	2	2260784	0.0000009
all	1822	2	2260784	0.0000009
all	1824	1	2260784	0.0000004
all	1826	2	2260784	0.0000009
all	1827	1	2260784	0.0000004
all	1832	2	2260784	0.0000009
all	1835	2	2260784	0.0000009
all	1836	2	2260784	0.0000009
all	1844	2	2260784	0.0000009
all	1850	1	2260784	0.0000004
all	1851	1	2260784	0.0000004
all	1859	2	2260784	0.0000009
all	1860	2	2260784	0.0000009
all	1861	1	2260784	0.0000004
all	1864	1	2260784	0.0000004
all	1874	1	2260784	0.0000004
all	1876	2	2260784	0.0000009
all	1878	2	2260784	0.0000009
all	1879	1	2260784	0.0000004
all	1888	2	2260784	0.0000009
all	1889	2	2260784	0.0000009
all	1891	1	2260784	0.0000004
all	1895	1	2260784	0.0000004
all	1896	2	2260784	0.0000009
all	1897	1	2260784	0.0000004
all	1900	2	2260784	0.0000009
all	1901	4	2260784	0.0000018
all	1902	1	2260784	0.0000004
all	1903	1	2260784	0.0000004
all	1904	2	2260784	0.0000009
all	1905	2	2260784	0.0000009
all	1906	2	2260784	0.0000009
all	1907	2	2260784	0.0000009
all	1908	6	2260784	0.0000027
all	1910	4	2260784	0.0000018
all	1911	2	2260784	0.0000009
all	1913	2	2260784	0.0000009
all	1914	2	2260784	0.0000009
all	1917	2	2260784	0.0000009
all	1923	2	2260784	0.0000009
all	1926	2	2260784	0.0000009
all	1928	2	2260784	0.0000009
all	1930	2	2260784	0.0000009
all	1931	2	2260784	0.0000009
all	1933	5	2260784	0.0000022
all	1934	2	2260784	0.0000009
all	1937	2	2260784	0.0000009
all	1938	6	2260784	0.0000027
all	1939	2	2260784	0.0000009
all	1940	2	2260784	0.0000009
all	1941	6	2260784	0.0000027
all	1944	4	2260784	0.0000018
all	1945	2	2260784	0.0000009
all	1946	2	2260784	0.0000009
all	1948	2	2260784	0.0000009
all	1950	2	2260784	0.0000009
all	1952	2	2260784	0.0000009
all	1953	2	2260784	0.0000009
all	1955	4	2260784	0.0000018
all	1958	2	2260784	0.0000009
all	1963	2	2260784	0.0000009
all	1969	4	2260784	0.0000018
all	1974	2	2260784	0.0000009
all	1977	3	2260784	0.0000013
all	1978	2	2260784	0.0000009
all	1983	4	2260784	0.0000018
all	1987	2	2260784	0.0000009
all	1991	2	2260784	0.0000009
all	1999	2	2260784	0.0000009
all	2001	2	2260784	0.0000009
all	2003	2	2260784	0.0000009
all	2005	2	2260784	0.0000009
all	2006	2	2260784	0.0000009
all	2007	6	2260784	0.0000027
all	2008	2	2260784	0.0000009
all	2009	2	2260784	0.0000009
all	2010	2	2260784	0.0000009
all	2011	6	2260784	0.0000027
all	2012	2	2260784	0.0000009
all	2023	2	2260784	0.0000009
all	2024	2	2260784	0.0000009
all	2026	2	2260784	0.0000009
all	2027	2	2260784	0.0000009
all	2028	2	2260784	0.0000009
all	2035	2	2260784	0.0000009
all	2043	2	2260784	0.0000009
all	2046	2	2260784	0.0000009
all	2047	2	2260784	0.0000009
all	2049	2	2260784	0.0000009
all	2055	2	2260784	0.0000009
all	2056	2	2260784	0.0000009
all	2058	6	2260784	0.0000027
all	2059	2	2260784	0.0000009
all	2060	2	2260784	0.0000009
all	2062	4	2260784	0.0000018
all	2063	2	2260784	0.0000009
all	2066	2	2260784	0.0000009
all	2071	2	2260784	0.0000009
all	2072	2	2260784	0.0000009
all	2073	2	2260784	0.0000009
all	2078	2	2260784	0.0000009
all	2085	2	2260784	0.0000009
all	2093	2	2260784	0.0000009
all	2097	2	2260784	0.0000009
all	2114	2	2260784	0.0000009
all	2120	2	2260784	0.0000009
all	2124	2	2260784	0.0000009
all	2133	2	2260784	0.0000009
all	2134	4	2260784	0.0000018
all	2138	2	2260784	0.0000009
all	2142	1	2260784	0.0000004
all	2147	2	2260784	0.0000009
all	2155	2	2260784	0.0000009
all	2156	2	2260784	0.0000009
all	2167	2	2260784	0.0000009
all	2169	2	2260784	0.0000009
all	2178	2	2260784	0.0000009
all	2180	2	2260784	0.0000009
all	2183	1	2260784	0.0000004
all	2184	2	2260784	0.0000009
all	2186	2	2260784	0.0000009
all	2187	2	2260784	0.0000009
all	2190	2	2260784	0.0000009
all	2193	2	2260784	0.0000009
all	2196	4	2260784	0.0000018
all	2203	2	2260784	0.0000009
all	2204	2	2260784	0.0000009
all	2206	2	2260784	0.0000009
all	2208	2	2260784	0.0000009
all	2210	2	2260784	0.0000009
all	2211	2	2260784	0.0000009
all	2214	2	2260784	0.0000009
all	2217	2	2260784	0.0000009
all	2218	4	2260784	0.0000018
all	2219	2	2260784	0.0000009
all	2221	2	2260784	0.0000009
all	2224	2	2260784	0.0000009
all	2226	2	2260784	0.0000009
all	2229	1	2260784	0.0000004
all	2230	2	2260784	0.0000009
all	2233	2	2260784	0.0000009
all	2234	2	2260784	0.0000009
all	2239	1	2260784	0.0000004
all	2240	1	2260784	0.0000004
all	2263	2	2260784	0.0000009
all	2265	2	2260784	0.0000009
all	2341	1	2260784	0.0000004
all	2345	1	2260784	0.0000004
all	2347	1	2260784	0.0000004
all	2351	1	2260784	0.0000004
all	2356	2	2260784	0.0000009
all	2364	2	2260784	0.0000009
all	2368	2	2260784	0.0000009
all	2408	2	2260784	0.0000009
all	2419	1	2260784	0.0000004
all	2420	1	2260784	0.0000004
all	2444	1	2260784	0.0000004
all	2457	1	2260784	0.0000004
all	2458	2	2260784	0.0000009
all	2485	1	2260784	0.0000004
all	2506	1	2260784	0.0000004
all	2509	1	2260784	0.0000004
all	2510	2	2260784	0.0000009
all	2515	2	2260784	0.0000009
all	2516	2	2260784	0.0000009
all	2521	2	2260784	0.0000009
all	2522	1	2260784	0.0000004
all	2523	2	2260784	0.0000009
all	2532	1	2260784	0.0000004
all	2543	2	2260784	0.0000009
all	2562	2	2260784	0.0000009
all	2569	2	2260784	0.0000009
all	2581	2	2260784	0.0000009
all	2584	2	2260784	0.0000009
all	2594	2	2260784	0.0000009
all	2600	2	2260784	0.0000009
all	2601	2	2260784	0.0000009
all	2619	2	2260784	0.0000009
all	2624	2	2260784	0.0000009
all	2629	2	2260784	0.0000009
all	2636	2	2260784	0.0000009
all	2648	2	2260784	0.0000009
all	2665	2	2260784	0.0000009
all	2699	4	2260784	0.0000018
all	2705	2	2260784	0.0000009
all	2708	2	2260784	0.0000009
all	2711	2	2260784	0.0000009
all	2714	2	2260784	0.0000009
all	2715	2	2260784	0.0000009
all	2720	2	2260784	0.0000009
all	2725	2	2260784	0.0000009
all	2732	4	2260784	0.0000018
all	2734	2	2260784	0.0000009
all	2735	2	2260784	0.0000009
all	2737	2	2260784	0.0000009
all	2738	2	2260784	0.0000009
all	2739	4	2260784	0.0000018
all	2744	2	2260784	0.0000009
all	2746	4	2260784	0.0000018
all	2748	2	2260784	0.0000009
all	2751	2	2260784	0.0000009
all	2753	2	2260784	0.0000009
all	2754	2	2260784	0.0000009
all	2755	2	2260784	0.0000009
all	2757	4	2260784	0.0000018
all	2758	2	2260784	0.0000009
all	2762	2	2260784	0.0000009
all	2769	2	2260784	0.0000009
all	2770	4	2260784	0.0000018
all	2772	2	2260784	0.0000009
all	2775	2	2260784	0.0000009
all	2776	2	2260784	0.0000009
all	2777	2	2260784	0.0000009
all	2785	2	2260784	0.0000009
all	2799	2	2260784	0.0000009
all	2810	2	2260784	0.0000009
all	2819	2	2260784	0.0000009
all	2820	2	2260784	0.0000009
all	2833	2	2260784	0.0000009
all	2836	2	2260784	0.0000009
all	2854	2	2260784	0.0000009
all	2868	2	2260784	0.0000009
all	2885	2	2260784	0.0000009
all	2910	2	2260784	0.0000009
all	2949	1	2260784	0.0000004
all	3014	1	2260784	0.0000004
all	3020	1	2260784	0.0000004
all	3086	1	2260784	0.0000004
all	3106	1	2260784	0.0000004
all	3132	1	2260784	0.0000004
all	3157	1	2260784	0.0000004
all	3189	1	2260784	0.0000004
all	3219	1	2260784	0.0000004
all	3223	1	2260784	0.0000004
all	3245	1	2260784	0.0000004
all	3249	1	2260784	0.0000004
all	3272	1	2260784	0.0000004
all	3301	1	2260784	0.0000004
all	3307	1	2260784	0.0000004
all	3313	1	2260784	0.0000004
all	3315	1	2260784	0.0000004
all	3339	1	2260784	0.0000004
all	3346	1	2260784	0.0000004
all	3355	1	2260784	0.0000004
all	3373	1	2260784	0.0000004
all	3398	1	2260784	0.0000004
all	3409	1	2260784	0.0000004
all	3413	1	2260784	0.0000004
all	3437	2	2260784	0.0000009
all	3444	1	2260784	0.0000004
all	3447	1	2260784	0.0000004
all	3448	3	2260784	0.0000013
all	3456	1	2260784	0.0000004
all	3470	1	2260784	0.0000004
all	3487	1	2260784	0.0000004
all	3499	1	2260784	0.0000004
all	3523	1	2260784	0.0000004
all	3528	1	2260784	0.0000004
all	3536	1	2260784	0.0000004
all	3540	1	2260784	0.0000004
all	3557	1	2260784	0.0000004
all	3562	1	2260784	0.0000004
all	3578	1	2260784	0.0000004
all	3591	1	2260784	0.0000004
all	3594	2	2260784	0.0000009
all	3597	1	2260784	0.0000004
all	3604	1	2260784	0.0000004
all	3615	1	2260784	0.0000004
all	3616	1	2260784	0.0000004
all	3626	2	2260784	0.0000009
all	3627	1	2260784	0.0000004
all	3630	1	2260784	0.0000004
all	3649	1	2260784	0.0000004
all	3657	1	2260784	0.0000004
all	3665	1	2260784	0.0000004
all	3671	2	2260784	0.0000009
all	3673	1	2260784	0.0000004
all	3675	1	2260784	0.0000004
all	3685	2	2260784	0.0000009
