all	0	158573	2260784	0.0701407
all	1	28585	2260784	0.0126438
all	2	21093	2260784	0.0093299
all	3	19245	2260784	0.0085125
all	4	17699	2260784	0.0078287
all	5	15034	2260784	0.0066499
all	6	14171	2260784	0.0062682
all	7	13400	2260784	0.0059271
all	8	11961	2260784	0.0052906
all	9	12290	2260784	0.0054362
all	10	11765	2260784	0.0052039
all	11	10766	2260784	0.0047621
all	12	10320	2260784	0.0045648
all	13	9358	2260784	0.0041393
all	14	8948	2260784	0.0039579
all	15	8547	2260784	0.0037805
all	16	8191	2260784	0.0036231
all	17	7965	2260784	0.0035231
all	18	7590	2260784	0.0033572
all	19	8048	2260784	0.0035598
all	20	7544	2260784	0.0033369
all	21	7863	2260784	0.0034780
all	22	7757	2260784	0.0034311
all	23	7327	2260784	0.0032409
all	24	7129	2260784	0.0031533
all	25	7193	2260784	0.0031816
all	26	6896	2260784	0.0030503
all	27	7070	2260784	0.0031272
all	28	6868	2260784	0.0030379
all	29	6881	2260784	0.0030436
all	30	7351	2260784	0.0032515
all	31	6798	2260784	0.0030069
all	32	6985	2260784	0.0030896
all	33	6593	2260784	0.0029162
all	34	6213	2260784	0.0027482
all	35	6441	2260784	0.0028490
all	36	5868	2260784	0.0025956
all	37	6544	2260784	0.0028946
all	38	6666	2260784	0.0029485
all	39	6106	2260784	0.0027008
all	40	6277	2260784	0.0027765
all	41	6035	2260784	0.0026694
all	42	6150	2260784	0.0027203
all	43	6541	2260784	0.0028932
all	44	6109	2260784	0.0027022
all	45	6056	2260784	0.0026787
all	46	5430	2260784	0.0024018
all	47	5705	2260784	0.0025235
all	48	5639	2260784	0.0024943
all	49	5572	2260784	0.0024646
all	50	5656	2260784	0.0025018
all	51	5784	2260784	0.0025584
all	52	5579	2260784	0.0024677
all	53	5354	2260784	0.0023682
all	54	5534	2260784	0.0024478
all	55	5344	2260784	0.0023638
all	56	5383	2260784	0.0023810
all	57	5004	2260784	0.0022134
all	58	5630	2260784	0.0024903
all	59	5133	2260784	0.0022705
all	60	5113	2260784	0.0022616
all	61	5214	2260784	0.0023063
all	62	5067	2260784	0.0022413
all	63	5098	2260784	0.0022550
all	64	4907	2260784	0.0021705
all	65	5100	2260784	0.0022559
all	66	5159	2260784	0.0022820
all	67	5058	2260784	0.0022373
all	68	5049	2260784	0.0022333
all	69	4853	2260784	0.0021466
all	70	5027	2260784	0.0022236
all	71	4965	2260784	0.0021961
all	72	4795	2260784	0.0021209
all	73	4835	2260784	0.0021386
all	74	4981	2260784	0.0022032
all	75	4847	2260784	0.0021439
all	76	4713	2260784	0.0020847
all	77	4882	2260784	0.0021594
all	78	4712	2260784	0.0020842
all	79	4697	2260784	0.0020776
all	80	4707	2260784	0.0020820
all	81	4582	2260784	0.0020267
all	82	4901	2260784	0.0021678
all	83	4764	2260784	0.0021072
all	84	4809	2260784	0.0021271
all	85	4820	2260784	0.0021320
all	86	4709	2260784	0.0020829
all	87	4848	2260784	0.0021444
all	88	4815	2260784	0.0021298
all	89	4530	2260784	0.0020037
all	90	4685	2260784	0.0020723
all	91	4419	2260784	0.0019546
all	92	4366	2260784	0.0019312
all	93	4379	2260784	0.0019369
all	94	4320	2260784	0.0019108
all	95	4336	2260784	0.0019179
all	96	4369	2260784	0.0019325
all	97	4217	2260784	0.0018653
all	98	4227	2260784	0.0018697
all	99	4229	2260784	0.0018706
all	100	4293	2260784	0.0018989
all	101	4455	2260784	0.0019706
all	102	4358	2260784	0.0019276
all	103	4136	2260784	0.0018295
all	104	3881	2260784	0.0017167
all	105	4134	2260784	0.0018286
all	106	4189	2260784	0.0018529
all	107	4119	2260784	0.0018219
all	108	4105	2260784	0.0018157
all	109	3837	2260784	0.0016972
all	110	3981	2260784	0.0017609
all	111	4013	2260784	0.0017750
all	112	4052	2260784	0.0017923
all	113	3939	2260784	0.0017423
all	114	4094	2260784	0.0018109
all	115	3996	2260784	0.0017675
all	116	4061	2260784	0.0017963
all	117	4071	2260784	0.0018007
all	118	4068	2260784	0.0017994
all	119	4068	2260784	0.0017994
all	120	3839	2260784	0.0016981
all	121	3892	2260784	0.0017215
all	122	3900	2260784	0.0017251
all	123	3999	2260784	0.0017689
all	124	4059	2260784	0.0017954
all	125	4040	2260784	0.0017870
all	126	3972	2260784	0.0017569
all	127	3996	2260784	0.0017675
all	128	4010	2260784	0.0017737
all	129	3875	2260784	0.0017140
all	130	3980	2260784	0.0017605
all	131	4086	2260784	0.0018073
all	132	4163	2260784	0.0018414
all	133	4126	2260784	0.0018250
all	134	3866	2260784	0.0017100
all	135	3850	2260784	0.0017029
all	136	3779	2260784	0.0016715
all	137	3871	2260784	0.0017122
all	138	3966	2260784	0.0017543
all	139	4166	2260784	0.0018427
all	140	4187	2260784	0.0018520
all	141	4016	2260784	0.0017764
all	142	3971	2260784	0.0017565
all	143	4117	2260784	0.0018210
all	144	3802	2260784	0.0016817
all	145	3756	2260784	0.0016614
all	146	3675	2260784	0.0016255
all	147	3735	2260784	0.0016521
all	148	3772	2260784	0.0016684
all	149	3817	2260784	0.0016884
all	150	3688	2260784	0.0016313
all	151	3685	2260784	0.0016300
all	152	3929	2260784	0.0017379
all	153	3643	2260784	0.0016114
all	154	3900	2260784	0.0017251
all	155	3570	2260784	0.0015791
all	156	3442	2260784	0.0015225
all	157	3536	2260784	0.0015641
all	158	3616	2260784	0.0015994
all	159	3572	2260784	0.0015800
all	160	3389	2260784	0.0014990
all	161	3525	2260784	0.0015592
all	162	3429	2260784	0.0015167
all	163	3244	2260784	0.0014349
all	164	3275	2260784	0.0014486
all	165	3284	2260784	0.0014526
all	166	3371	2260784	0.0014911
all	167	3501	2260784	0.0015486
all	168	3463	2260784	0.0015318
all	169	3587	2260784	0.0015866
all	170	3345	2260784	0.0014796
all	171	3399	2260784	0.0015035
all	172	3420	2260784	0.0015127
all	173	3329	2260784	0.0014725
all	174	3433	2260784	0.0015185
all	175	3356	2260784	0.0014844
all	176	3347	2260784	0.0014805
all	177	3570	2260784	0.0015791
all	178	3626	2260784	0.0016039
all	179	3407	2260784	0.0015070
all	180	3554	2260784	0.0015720
all	181	3406	2260784	0.0015066
all	182	3265	2260784	0.0014442
all	183	3485	2260784	0.0015415
all	184	3598	2260784	0.0015915
all	185	3262	2260784	0.0014429
all	186	3467	2260784	0.0015335
all	187	3485	2260784	0.0015415
all	188	3384	2260784	0.0014968
all	189	3441	2260784	0.0015220
all	190	3307	2260784	0.0014628
all	191	3331	2260784	0.0014734
all	192	3473	2260784	0.0015362
all	193	3379	2260784	0.0014946
all	194	3460	2260784	0.0015304
all	195	3352	2260784	0.0014827
all	196	3109	2260784	0.0013752
all	197	3286	2260784	0.0014535
all	198	3290	2260784	0.0014552
all	199	3396	2260784	0.0015021
all	200	3266	2260784	0.0014446
all	201	3192	2260784	0.0014119
all	202	3281	2260784	0.0014513
all	203	3136	2260784	0.0013871
all	204	3234	2260784	0.0014305
all	205	3258	2260784	0.0014411
all	206	3082	2260784	0.0013632
all	207	3281	2260784	0.0014513
all	208	3201	2260784	0.0014159
all	209	3069	2260784	0.0013575
all	210	3077	2260784	0.0013610
all	211	3026	2260784	0.0013385
all	212	3038	2260784	0.0013438
all	213	3096	2260784	0.0013694
all	214	2970	2260784	0.0013137
all	215	3157	2260784	0.0013964
all	216	3116	2260784	0.0013783
all	217	3031	2260784	0.0013407
all	218	3139	2260784	0.0013885
all	219	3029	2260784	0.0013398
all	220	2955	2260784	0.0013071
all	221	3041	2260784	0.0013451
all	222	2854	2260784	0.0012624
all	223	2883	2260784	0.0012752
all	224	2783	2260784	0.0012310
all	225	2908	2260784	0.0012863
all	226	2944	2260784	0.0013022
all	227	2956	2260784	0.0013075
all	228	3175	2260784	0.0014044
all	229	3114	2260784	0.0013774
all	230	3030	2260784	0.0013402
all	231	3007	2260784	0.0013301
all	232	3058	2260784	0.0013526
all	233	3007	2260784	0.0013301
all	234	3190	2260784	0.0014110
all	235	2966	2260784	0.0013119
all	236	3039	2260784	0.0013442
all	237	2816	2260784	0.0012456
all	238	2914	2260784	0.0012889
all	239	3071	2260784	0.0013584
all	240	2891	2260784	0.0012788
all	241	2871	2260784	0.0012699
all	242	2864	2260784	0.0012668
all	243	3030	2260784	0.0013402
all	244	2935	2260784	0.0012982
all	245	3004	2260784	0.0013287
all	246	2693	2260784	0.0011912
all	247	2841	2260784	0.0012566
all	248	2805	2260784	0.0012407
all	249	2741	2260784	0.0012124
all	250	2905	2260784	0.0012850
all	251	2809	2260784	0.0012425
all	252	2795	2260784	0.0012363
all	253	2790	2260784	0.0012341
all	254	2931	2260784	0.0012965
all	255	2901	2260784	0.0012832
all	256	2855	2260784	0.0012628
all	257	2779	2260784	0.0012292
all	258	2846	2260784	0.0012589
all	259	2771	2260784	0.0012257
all	260	2809	2260784	0.0012425
all	261	2782	2260784	0.0012305
all	262	2704	2260784	0.0011960
all	263	2819	2260784	0.0012469
all	264	2708	2260784	0.0011978
all	265	2815	2260784	0.0012451
all	266	2715	2260784	0.0012009
all	267	2688	2260784	0.0011890
all	268	2784	2260784	0.0012314
all	269	2701	2260784	0.0011947
all	270	2822	2260784	0.0012482
all	271	2714	2260784	0.0012005
all	272	2718	2260784	0.0012022
all	273	2777	2260784	0.0012283
all	274	2687	2260784	0.0011885
all	275	2596	2260784	0.0011483
all	276	2642	2260784	0.0011686
all	277	2811	2260784	0.0012434
all	278	2739	2260784	0.0012115
all	279	2683	2260784	0.0011868
all	280	2692	2260784	0.0011907
all	281	2666	2260784	0.0011792
all	282	2693	2260784	0.0011912
all	283	2812	2260784	0.0012438
all	284	2709	2260784	0.0011983
all	285	2825	2260784	0.0012496
all	286	2602	2260784	0.0011509
all	287	2693	2260784	0.0011912
all	288	2499	2260784	0.0011054
all	289	2737	2260784	0.0012106
all	290	2713	2260784	0.0012000
all	291	2775	2260784	0.0012275
all	292	2698	2260784	0.0011934
all	293	2844	2260784	0.0012580
all	294	2666	2260784	0.0011792
all	295	2628	2260784	0.0011624
all	296	2678	2260784	0.0011845
all	297	2699	2260784	0.0011938
all	298	2502	2260784	0.0011067
all	299	2483	2260784	0.0010983
all	300	2712	2260784	0.0011996
all	301	2715	2260784	0.0012009
all	302	2664	2260784	0.0011784
all	303	2617	2260784	0.0011576
all	304	2723	2260784	0.0012044
all	305	2548	2260784	0.0011270
all	306	2710	2260784	0.0011987
all	307	2483	2260784	0.0010983
all	308	2558	2260784	0.0011315
all	309	2660	2260784	0.0011766
all	310	2501	2260784	0.0011063
all	311	2491	2260784	0.0011018
all	312	2435	2260784	0.0010771
all	313	2450	2260784	0.0010837
all	314	2371	2260784	0.0010488
all	315	2629	2260784	0.0011629
all	316	2494	2260784	0.0011032
all	317	2625	2260784	0.0011611
all	318	2543	2260784	0.0011248
all	319	2574	2260784	0.0011385
all	320	2599	2260784	0.0011496
all	321	2584	2260784	0.0011430
all	322	2585	2260784	0.0011434
all	323	2572	2260784	0.0011377
all	324	2631	2260784	0.0011638
all	325	2557	2260784	0.0011310
all	326	2552	2260784	0.0011288
all	327	2570	2260784	0.0011368
all	328	2521	2260784	0.0011151
all	329	2533	2260784	0.0011204
all	330	2365	2260784	0.0010461
all	331	2479	2260784	0.0010965
all	332	2546	2260784	0.0011262
all	333	2434	2260784	0.0010766
all	334	2481	2260784	0.0010974
all	335	2333	2260784	0.0010319
all	336	2435	2260784	0.0010771
all	337	2435	2260784	0.0010771
all	338	2409	2260784	0.0010656
all	339	2283	2260784	0.0010098
all	340	2349	2260784	0.0010390
all	341	2260	2260784	0.0009997
all	342	2467	2260784	0.0010912
all	343	2336	2260784	0.0010333
all	344	2355	2260784	0.0010417
all	345	2421	2260784	0.0010709
all	346	2277	2260784	0.0010072
all	347	2258	2260784	0.0009988
all	348	2250	2260784	0.0009952
all	349	2510	2260784	0.0011102
all	350	2395	2260784	0.0010594
all	351	2384	2260784	0.0010545
all	352	2257	2260784	0.0009983
all	353	2429	2260784	0.0010744
all	354	2324	2260784	0.0010280
all	355	2252	2260784	0.0009961
all	356	2278	2260784	0.0010076
all	357	2220	2260784	0.0009820
all	358	2140	2260784	0.0009466
all	359	2171	2260784	0.0009603
all	360	2303	2260784	0.0010187
all	361	2124	2260784	0.0009395
all	362	2192	2260784	0.0009696
all	363	2136	2260784	0.0009448
all	364	2144	2260784	0.0009483
all	365	2201	2260784	0.0009736
all	366	2214	2260784	0.0009793
all	367	2165	2260784	0.0009576
all	368	2060	2260784	0.0009112
all	369	2137	2260784	0.0009452
all	370	1999	2260784	0.0008842
all	371	2216	2260784	0.0009802
all	372	2146	2260784	0.0009492
all	373	2103	2260784	0.0009302
all	374	2089	2260784	0.0009240
all	375	2031	2260784	0.0008984
all	376	2115	2260784	0.0009355
all	377	2137	2260784	0.0009452
all	378	2036	2260784	0.0009006
all	379	2104	2260784	0.0009307
all	380	2160	2260784	0.0009554
all	381	2298	2260784	0.0010165
all	382	2157	2260784	0.0009541
all	383	2066	2260784	0.0009138
all	384	2135	2260784	0.0009444
all	385	2007	2260784	0.0008877
all	386	2121	2260784	0.0009382
all	387	1953	2260784	0.0008639
all	388	2111	2260784	0.0009337
all	389	2100	2260784	0.0009289
all	390	2078	2260784	0.0009192
all	391	2019	2260784	0.0008931
all	392	1896	2260784	0.0008386
all	393	2052	2260784	0.0009076
all	394	2083	2260784	0.0009214
all	395	1985	2260784	0.0008780
all	396	1913	2260784	0.0008462
all	397	1991	2260784	0.0008807
all	398	1904	2260784	0.0008422
all	399	2078	2260784	0.0009192
all	400	1982	2260784	0.0008767
all	401	2048	2260784	0.0009059
all	402	1872	2260784	0.0008280
all	403	1955	2260784	0.0008647
all	404	2003	2260784	0.0008860
all	405	2031	2260784	0.0008984
all	406	1994	2260784	0.0008820
all	407	1960	2260784	0.0008670
all	408	1898	2260784	0.0008395
all	409	1944	2260784	0.0008599
all	410	1911	2260784	0.0008453
all	411	1967	2260784	0.0008701
all	412	1904	2260784	0.0008422
all	413	1869	2260784	0.0008267
all	414	1867	2260784	0.0008258
all	415	1815	2260784	0.0008028
all	416	1876	2260784	0.0008298
all	417	2002	2260784	0.0008855
all	418	1920	2260784	0.0008493
all	419	1923	2260784	0.0008506
all	420	1903	2260784	0.0008417
all	421	1825	2260784	0.0008072
all	422	1876	2260784	0.0008298
all	423	1934	2260784	0.0008555
all	424	1853	2260784	0.0008196
all	425	1923	2260784	0.0008506
all	426	1806	2260784	0.0007988
all	427	1866	2260784	0.0008254
all	428	1851	2260784	0.0008187
all	429	1790	2260784	0.0007918
all	430	1709	2260784	0.0007559
all	431	1828	2260784	0.0008086
all	432	1775	2260784	0.0007851
all	433	1717	2260784	0.0007595
all	434	1739	2260784	0.0007692
all	435	1801	2260784	0.0007966
all	436	1811	2260784	0.0008010
all	437	1784	2260784	0.0007891
all	438	1797	2260784	0.0007949
all	439	1823	2260784	0.0008064
all	440	1713	2260784	0.0007577
all	441	1773	2260784	0.0007842
all	442	1733	2260784	0.0007665
all	443	1753	2260784	0.0007754
all	444	1630	2260784	0.0007210
all	445	1806	2260784	0.0007988
all	446	1657	2260784	0.0007329
all	447	1715	2260784	0.0007586
all	448	1745	2260784	0.0007719
all	449	1654	2260784	0.0007316
all	450	1811	2260784	0.0008010
all	451	1720	2260784	0.0007608
all	452	1720	2260784	0.0007608
all	453	1784	2260784	0.0007891
all	454	1735	2260784	0.0007674
all	455	1704	2260784	0.0007537
all	456	1882	2260784	0.0008325
all	457	1721	2260784	0.0007612
all	458	1794	2260784	0.0007935
all	459	1643	2260784	0.0007267
all	460	1660	2260784	0.0007343
all	461	1640	2260784	0.0007254
all	462	1641	2260784	0.0007259
all	463	1583	2260784	0.0007002
all	464	1607	2260784	0.0007108
all	465	1482	2260784	0.0006555
all	466	1578	2260784	0.0006980
all	467	1591	2260784	0.0007037
all	468	1658	2260784	0.0007334
all	469	1565	2260784	0.0006922
all	470	1623	2260784	0.0007179
all	471	1647	2260784	0.0007285
all	472	1660	2260784	0.0007343
all	473	1665	2260784	0.0007365
all	474	1685	2260784	0.0007453
all	475	1554	2260784	0.0006874
all	476	1536	2260784	0.0006794
all	477	1563	2260784	0.0006914
all	478	1551	2260784	0.0006860
all	479	1651	2260784	0.0007303
all	480	1590	2260784	0.0007033
all	481	1479	2260784	0.0006542
all	482	1626	2260784	0.0007192
all	483	1566	2260784	0.0006927
all	484	1643	2260784	0.0007267
all	485	1569	2260784	0.0006940
all	486	1464	2260784	0.0006476
all	487	1612	2260784	0.0007130
all	488	1554	2260784	0.0006874
all	489	1611	2260784	0.0007126
all	490	1558	2260784	0.0006891
all	491	1579	2260784	0.0006984
all	492	1429	2260784	0.0006321
all	493	1532	2260784	0.0006776
all	494	1485	2260784	0.0006569
all	495	1528	2260784	0.0006759
all	496	1488	2260784	0.0006582
all	497	1354	2260784	0.0005989
all	498	1434	2260784	0.0006343
all	499	1471	2260784	0.0006507
all	500	1447	2260784	0.0006400
all	501	1537	2260784	0.0006799
all	502	1458	2260784	0.0006449
all	503	1491	2260784	0.0006595
all	504	1337	2260784	0.0005914
all	505	1365	2260784	0.0006038
all	506	1326	2260784	0.0005865
all	507	1429	2260784	0.0006321
all	508	1396	2260784	0.0006175
all	509	1484	2260784	0.0006564
all	510	1457	2260784	0.0006445
all	511	1423	2260784	0.0006294
all	512	1397	2260784	0.0006179
all	513	1397	2260784	0.0006179
all	514	1395	2260784	0.0006170
all	515	1454	2260784	0.0006431
all	516	1336	2260784	0.0005909
all	517	1437	2260784	0.0006356
all	518	1338	2260784	0.0005918
all	519	1392	2260784	0.0006157
all	520	1495	2260784	0.0006613
all	521	1430	2260784	0.0006325
all	522	1458	2260784	0.0006449
all	523	1374	2260784	0.0006078
all	524	1359	2260784	0.0006011
all	525	1332	2260784	0.0005892
all	526	1383	2260784	0.0006117
all	527	1395	2260784	0.0006170
all	528	1310	2260784	0.0005794
all	529	1451	2260784	0.0006418
all	530	1350	2260784	0.0005971
all	531	1244	2260784	0.0005503
all	532	1334	2260784	0.0005901
all	533	1267	2260784	0.0005604
all	534	1287	2260784	0.0005693
all	535	1213	2260784	0.0005365
all	536	1208	2260784	0.0005343
all	537	1169	2260784	0.0005171
all	538	1235	2260784	0.0005463
all	539	1307	2260784	0.0005781
all	540	1241	2260784	0.0005489
all	541	1158	2260784	0.0005122
all	542	1168	2260784	0.0005166
all	543	1172	2260784	0.0005184
all	544	1249	2260784	0.0005525
all	545	1177	2260784	0.0005206
all	546	1125	2260784	0.0004976
all	547	1153	2260784	0.0005100
all	548	1230	2260784	0.0005441
all	549	1145	2260784	0.0005065
all	550	1175	2260784	0.0005197
all	551	1232	2260784	0.0005449
all	552	1183	2260784	0.0005233
all	553	1172	2260784	0.0005184
all	554	1099	2260784	0.0004861
all	555	1106	2260784	0.0004892
all	556	1099	2260784	0.0004861
all	557	1131	2260784	0.0005003
all	558	1111	2260784	0.0004914
all	559	1205	2260784	0.0005330
all	560	1090	2260784	0.0004821
all	561	1069	2260784	0.0004728
all	562	1070	2260784	0.0004733
all	563	1067	2260784	0.0004720
all	564	1047	2260784	0.0004631
all	565	1083	2260784	0.0004790
all	566	1195	2260784	0.0005286
all	567	1174	2260784	0.0005193
all	568	1090	2260784	0.0004821
all	569	1118	2260784	0.0004945
all	570	1133	2260784	0.0005012
all	571	1163	2260784	0.0005144
all	572	1126	2260784	0.0004981
all	573	1090	2260784	0.0004821
all	574	1096	2260784	0.0004848
all	575	1137	2260784	0.0005029
all	576	1127	2260784	0.0004985
all	577	1136	2260784	0.0005025
all	578	1048	2260784	0.0004636
all	579	1157	2260784	0.0005118
all	580	1054	2260784	0.0004662
all	581	1083	2260784	0.0004790
all	582	1043	2260784	0.0004613
all	583	1032	2260784	0.0004565
all	584	1098	2260784	0.0004857
all	585	1104	2260784	0.0004883
all	586	1140	2260784	0.0005042
all	587	1060	2260784	0.0004689
all	588	1161	2260784	0.0005135
all	589	1130	2260784	0.0004998
all	590	1073	2260784	0.0004746
all	591	1063	2260784	0.0004702
all	592	1073	2260784	0.0004746
all	593	1139	2260784	0.0005038
all	594	1054	2260784	0.0004662
all	595	1018	2260784	0.0004503
all	596	954	2260784	0.0004220
all	597	1085	2260784	0.0004799
all	598	1116	2260784	0.0004936
all	599	1027	2260784	0.0004543
all	600	946	2260784	0.0004184
all	601	1055	2260784	0.0004667
all	602	1105	2260784	0.0004888
all	603	1015	2260784	0.0004490
all	604	1042	2260784	0.0004609
all	605	1021	2260784	0.0004516
all	606	1024	2260784	0.0004529
all	607	1097	2260784	0.0004852
all	608	1053	2260784	0.0004658
all	609	1031	2260784	0.0004560
all	610	1040	2260784	0.0004600
all	611	1055	2260784	0.0004667
all	612	1033	2260784	0.0004569
all	613	938	2260784	0.0004149
all	614	1003	2260784	0.0004437
all	615	1027	2260784	0.0004543
all	616	1041	2260784	0.0004605
all	617	909	2260784	0.0004021
all	618	979	2260784	0.0004330
all	619	966	2260784	0.0004273
all	620	1008	2260784	0.0004459
all	621	976	2260784	0.0004317
all	622	954	2260784	0.0004220
all	623	908	2260784	0.0004016
all	624	963	2260784	0.0004260
all	625	916	2260784	0.0004052
all	626	953	2260784	0.0004215
all	627	918	2260784	0.0004061
all	628	854	2260784	0.0003777
all	629	946	2260784	0.0004184
all	630	910	2260784	0.0004025
all	631	887	2260784	0.0003923
all	632	976	2260784	0.0004317
all	633	931	2260784	0.0004118
all	634	908	2260784	0.0004016
all	635	856	2260784	0.0003786
all	636	929	2260784	0.0004109
all	637	909	2260784	0.0004021
all	638	874	2260784	0.0003866
all	639	761	2260784	0.0003366
all	640	954	2260784	0.0004220
all	641	777	2260784	0.0003437
all	642	881	2260784	0.0003897
all	643	855	2260784	0.0003782
all	644	881	2260784	0.0003897
all	645	872	2260784	0.0003857
all	646	844	2260784	0.0003733
all	647	871	2260784	0.0003853
all	648	860	2260784	0.0003804
all	649	895	2260784	0.0003959
all	650	873	2260784	0.0003861
all	651	836	2260784	0.0003698
all	652	869	2260784	0.0003844
all	653	764	2260784	0.0003379
all	654	818	2260784	0.0003618
all	655	766	2260784	0.0003388
all	656	851	2260784	0.0003764
all	657	793	2260784	0.0003508
all	658	819	2260784	0.0003623
all	659	771	2260784	0.0003410
all	660	754	2260784	0.0003335
all	661	799	2260784	0.0003534
all	662	769	2260784	0.0003401
all	663	705	2260784	0.0003118
all	664	780	2260784	0.0003450
all	665	752	2260784	0.0003326
all	666	766	2260784	0.0003388
all	667	787	2260784	0.0003481
all	668	812	2260784	0.0003592
all	669	864	2260784	0.0003822
all	670	805	2260784	0.0003561
all	671	796	2260784	0.0003521
all	672	796	2260784	0.0003521
all	673	771	2260784	0.0003410
all	674	789	2260784	0.0003490
all	675	774	2260784	0.0003424
all	676	777	2260784	0.0003437
all	677	734	2260784	0.0003247
all	678	767	2260784	0.0003393
all	679	733	2260784	0.0003242
all	680	766	2260784	0.0003388
all	681	815	2260784	0.0003605
all	682	777	2260784	0.0003437
all	683	673	2260784	0.0002977
all	684	635	2260784	0.0002809
all	685	716	2260784	0.0003167
all	686	700	2260784	0.0003096
all	687	708	2260784	0.0003132
all	688	694	2260784	0.0003070
all	689	719	2260784	0.0003180
all	690	730	2260784	0.0003229
all	691	662	2260784	0.0002928
all	692	735	2260784	0.0003251
all	693	777	2260784	0.0003437
all	694	719	2260784	0.0003180
all	695	777	2260784	0.0003437
all	696	735	2260784	0.0003251
all	697	770	2260784	0.0003406
all	698	701	2260784	0.0003101
all	699	725	2260784	0.0003207
all	700	699	2260784	0.0003092
all	701	648	2260784	0.0002866
all	702	753	2260784	0.0003331
all	703	712	2260784	0.0003149
all	704	725	2260784	0.0003207
all	705	653	2260784	0.0002888
all	706	667	2260784	0.0002950
all	707	674	2260784	0.0002981
all	708	734	2260784	0.0003247
all	709	694	2260784	0.0003070
all	710	660	2260784	0.0002919
all	711	668	2260784	0.0002955
all	712	692	2260784	0.0003061
all	713	660	2260784	0.0002919
all	714	723	2260784	0.0003198
all	715	715	2260784	0.0003163
all	716	763	2260784	0.0003375
all	717	654	2260784	0.0002893
all	718	629	2260784	0.0002782
all	719	631	2260784	0.0002791
all	720	634	2260784	0.0002804
all	721	643	2260784	0.0002844
all	722	667	2260784	0.0002950
all	723	612	2260784	0.0002707
all	724	576	2260784	0.0002548
all	725	688	2260784	0.0003043
all	726	608	2260784	0.0002689
all	727	587	2260784	0.0002596
all	728	626	2260784	0.0002769
all	729	606	2260784	0.0002680
all	730	630	2260784	0.0002787
all	731	648	2260784	0.0002866
all	732	654	2260784	0.0002893
all	733	567	2260784	0.0002508
all	734	585	2260784	0.0002588
all	735	611	2260784	0.0002703
all	736	587	2260784	0.0002596
all	737	567	2260784	0.0002508
all	738	550	2260784	0.0002433
all	739	609	2260784	0.0002694
all	740	627	2260784	0.0002773
all	741	610	2260784	0.0002698
all	742	596	2260784	0.0002636
all	743	578	2260784	0.0002557
all	744	643	2260784	0.0002844
all	745	597	2260784	0.0002641
all	746	558	2260784	0.0002468
all	747	537	2260784	0.0002375
all	748	673	2260784	0.0002977
all	749	559	2260784	0.0002473
all	750	581	2260784	0.0002570
all	751	562	2260784	0.0002486
all	752	590	2260784	0.0002610
all	753	536	2260784	0.0002371
all	754	469	2260784	0.0002075
all	755	572	2260784	0.0002530
all	756	599	2260784	0.0002650
all	757	591	2260784	0.0002614
all	758	581	2260784	0.0002570
all	759	556	2260784	0.0002459
all	760	528	2260784	0.0002335
all	761	515	2260784	0.0002278
all	762	580	2260784	0.0002565
all	763	505	2260784	0.0002234
all	764	508	2260784	0.0002247
all	765	541	2260784	0.0002393
all	766	522	2260784	0.0002309
all	767	541	2260784	0.0002393
all	768	562	2260784	0.0002486
all	769	535	2260784	0.0002366
all	770	540	2260784	0.0002389
all	771	517	2260784	0.0002287
all	772	538	2260784	0.0002380
all	773	498	2260784	0.0002203
all	774	538	2260784	0.0002380
all	775	493	2260784	0.0002181
all	776	514	2260784	0.0002274
all	777	512	2260784	0.0002265
all	778	541	2260784	0.0002393
all	779	472	2260784	0.0002088
all	780	516	2260784	0.0002282
all	781	453	2260784	0.0002004
all	782	486	2260784	0.0002150
all	783	489	2260784	0.0002163
all	784	514	2260784	0.0002274
all	785	489	2260784	0.0002163
all	786	390	2260784	0.0001725
all	787	468	2260784	0.0002070
all	788	440	2260784	0.0001946
all	789	438	2260784	0.0001937
all	790	441	2260784	0.0001951
all	791	426	2260784	0.0001884
all	792	455	2260784	0.0002013
all	793	429	2260784	0.0001898
all	794	420	2260784	0.0001858
all	795	396	2260784	0.0001752
all	796	421	2260784	0.0001862
all	797	415	2260784	0.0001836
all	798	466	2260784	0.0002061
all	799	394	2260784	0.0001743
all	800	452	2260784	0.0001999
all	801	368	2260784	0.0001628
all	802	447	2260784	0.0001977
all	803	412	2260784	0.0001822
all	804	360	2260784	0.0001592
all	805	422	2260784	0.0001867
all	806	408	2260784	0.0001805
all	807	405	2260784	0.0001791
all	808	450	2260784	0.0001990
all	809	435	2260784	0.0001924
all	810	397	2260784	0.0001756
all	811	442	2260784	0.0001955
all	812	448	2260784	0.0001982
all	813	432	2260784	0.0001911
all	814	432	2260784	0.0001911
all	815	442	2260784	0.0001955
all	816	387	2260784	0.0001712
all	817	435	2260784	0.0001924
all	818	505	2260784	0.0002234
all	819	426	2260784	0.0001884
all	820	437	2260784	0.0001933
all	821	408	2260784	0.0001805
all	822	362	2260784	0.0001601
all	823	470	2260784	0.0002079
all	824	412	2260784	0.0001822
all	825	455	2260784	0.0002013
all	826	426	2260784	0.0001884
all	827	379	2260784	0.0001676
all	828	423	2260784	0.0001871
all	829	416	2260784	0.0001840
all	830	341	2260784	0.0001508
all	831	405	2260784	0.0001791
all	832	375	2260784	0.0001659
all	833	394	2260784	0.0001743
all	834	400	2260784	0.0001769
all	835	422	2260784	0.0001867
all	836	422	2260784	0.0001867
all	837	372	2260784	0.0001645
all	838	414	2260784	0.0001831
all	839	366	2260784	0.0001619
all	840	373	2260784	0.0001650
all	841	365	2260784	0.0001614
all	842	323	2260784	0.0001429
all	843	334	2260784	0.0001477
all	844	393	2260784	0.0001738
all	845	382	2260784	0.0001690
all	846	379	2260784	0.0001676
all	847	367	2260784	0.0001623
all	848	345	2260784	0.0001526
all	849	341	2260784	0.0001508
all	850	356	2260784	0.0001575
all	851	370	2260784	0.0001637
all	852	384	2260784	0.0001699
all	853	417	2260784	0.0001844
all	854	324	2260784	0.0001433
all	855	327	2260784	0.0001446
all	856	393	2260784	0.0001738
all	857	362	2260784	0.0001601
all	858	312	2260784	0.0001380
all	859	365	2260784	0.0001614
all	860	317	2260784	0.0001402
all	861	348	2260784	0.0001539
all	862	320	2260784	0.0001415
all	863	328	2260784	0.0001451
all	864	349	2260784	0.0001544
all	865	366	2260784	0.0001619
all	866	312	2260784	0.0001380
all	867	330	2260784	0.0001460
all	868	386	2260784	0.0001707
all	869	339	2260784	0.0001499
all	870	316	2260784	0.0001398
all	871	290	2260784	0.0001283
all	872	298	2260784	0.0001318
all	873	350	2260784	0.0001548
all	874	333	2260784	0.0001473
all	875	334	2260784	0.0001477
all	876	337	2260784	0.0001491
all	877	312	2260784	0.0001380
all	878	305	2260784	0.0001349
all	879	291	2260784	0.0001287
all	880	337	2260784	0.0001491
all	881	294	2260784	0.0001300
all	882	283	2260784	0.0001252
all	883	315	2260784	0.0001393
all	884	282	2260784	0.0001247
all	885	318	2260784	0.0001407
all	886	283	2260784	0.0001252
all	887	323	2260784	0.0001429
all	888	306	2260784	0.0001354
all	889	292	2260784	0.0001292
all	890	308	2260784	0.0001362
all	891	241	2260784	0.0001066
all	892	291	2260784	0.0001287
all	893	282	2260784	0.0001247
all	894	273	2260784	0.0001208
all	895	259	2260784	0.0001146
all	896	329	2260784	0.0001455
all	897	290	2260784	0.0001283
all	898	260	2260784	0.0001150
all	899	295	2260784	0.0001305
all	900	244	2260784	0.0001079
all	901	286	2260784	0.0001265
all	902	255	2260784	0.0001128
all	903	227	2260784	0.0001004
all	904	283	2260784	0.0001252
all	905	274	2260784	0.0001212
all	906	275	2260784	0.0001216
all	907	279	2260784	0.0001234
all	908	291	2260784	0.0001287
all	909	277	2260784	0.0001225
all	910	240	2260784	0.0001062
all	911	290	2260784	0.0001283
all	912	304	2260784	0.0001345
all	913	290	2260784	0.0001283
all	914	243	2260784	0.0001075
all	915	275	2260784	0.0001216
all	916	243	2260784	0.0001075
all	917	267	2260784	0.0001181
all	918	232	2260784	0.0001026
all	919	218	2260784	0.0000964
all	920	261	2260784	0.0001154
all	921	236	2260784	0.0001044
all	922	246	2260784	0.0001088
all	923	216	2260784	0.0000955
all	924	226	2260784	0.0001000
all	925	263	2260784	0.0001163
all	926	233	2260784	0.0001031
all	927	216	2260784	0.0000955
all	928	235	2260784	0.0001039
all	929	251	2260784	0.0001110
all	930	260	2260784	0.0001150
all	931	236	2260784	0.0001044
all	932	232	2260784	0.0001026
all	933	226	2260784	0.0001000
all	934	239	2260784	0.0001057
all	935	264	2260784	0.0001168
all	936	243	2260784	0.0001075
all	937	241	2260784	0.0001066
all	938	213	2260784	0.0000942
all	939	260	2260784	0.0001150
all	940	218	2260784	0.0000964
all	941	243	2260784	0.0001075
all	942	196	2260784	0.0000867
all	943	203	2260784	0.0000898
all	944	250	2260784	0.0001106
all	945	211	2260784	0.0000933
all	946	197	2260784	0.0000871
all	947	189	2260784	0.0000836
all	948	203	2260784	0.0000898
all	949	192	2260784	0.0000849
all	950	224	2260784	0.0000991
all	951	228	2260784	0.0001008
all	952	205	2260784	0.0000907
all	953	209	2260784	0.0000924
all	954	186	2260784	0.0000823
all	955	199	2260784	0.0000880
all	956	185	2260784	0.0000818
all	957	211	2260784	0.0000933
all	958	171	2260784	0.0000756
all	959	181	2260784	0.0000801
all	960	195	2260784	0.0000863
all	961	204	2260784	0.0000902
all	962	212	2260784	0.0000938
all	963	190	2260784	0.0000840
all	964	203	2260784	0.0000898
all	965	148	2260784	0.0000655
all	966	178	2260784	0.0000787
all	967	178	2260784	0.0000787
all	968	174	2260784	0.0000770
all	969	193	2260784	0.0000854
all	970	163	2260784	0.0000721
all	971	207	2260784	0.0000916
all	972	148	2260784	0.0000655
all	973	176	2260784	0.0000778
all	974	165	2260784	0.0000730
all	975	156	2260784	0.0000690
all	976	163	2260784	0.0000721
all	977	185	2260784	0.0000818
all	978	157	2260784	0.0000694
all	979	160	2260784	0.0000708
all	980	147	2260784	0.0000650
all	981	151	2260784	0.0000668
all	982	178	2260784	0.0000787
all	983	146	2260784	0.0000646
all	984	183	2260784	0.0000809
all	985	171	2260784	0.0000756
all	986	145	2260784	0.0000641
all	987	156	2260784	0.0000690
all	988	161	2260784	0.0000712
all	989	154	2260784	0.0000681
all	990	151	2260784	0.0000668
all	991	183	2260784	0.0000809
all	992	165	2260784	0.0000730
all	993	193	2260784	0.0000854
all	994	160	2260784	0.0000708
all	995	209	2260784	0.0000924
all	996	222	2260784	0.0000982
all	997	134	2260784	0.0000593
all	998	148	2260784	0.0000655
all	999	206	2260784	0.0000911
all	1000	177	2260784	0.0000783
all	1001	181	2260784	0.0000801
all	1002	178	2260784	0.0000787
all	1003	181	2260784	0.0000801
all	1004	167	2260784	0.0000739
all	1005	199	2260784	0.0000880
all	1006	165	2260784	0.0000730
all	1007	199	2260784	0.0000880
all	1008	165	2260784	0.0000730
all	1009	168	2260784	0.0000743
all	1010	132	2260784	0.0000584
all	1011	149	2260784	0.0000659
all	1012	152	2260784	0.0000672
all	1013	164	2260784	0.0000725
all	1014	194	2260784	0.0000858
all	1015	136	2260784	0.0000602
all	1016	153	2260784	0.0000677
all	1017	172	2260784	0.0000761
all	1018	121	2260784	0.0000535
all	1019	114	2260784	0.0000504
all	1020	136	2260784	0.0000602
all	1021	126	2260784	0.0000557
all	1022	144	2260784	0.0000637
all	1023	149	2260784	0.0000659
all	1024	131	2260784	0.0000579
all	1025	152	2260784	0.0000672
all	1026	124	2260784	0.0000548
all	1027	124	2260784	0.0000548
all	1028	142	2260784	0.0000628
all	1029	135	2260784	0.0000597
all	1030	120	2260784	0.0000531
all	1031	159	2260784	0.0000703
all	1032	167	2260784	0.0000739
all	1033	118	2260784	0.0000522
all	1034	113	2260784	0.0000500
all	1035	138	2260784	0.0000610
all	1036	107	2260784	0.0000473
all	1037	143	2260784	0.0000633
all	1038	132	2260784	0.0000584
all	1039	118	2260784	0.0000522
all	1040	129	2260784	0.0000571
all	1041	127	2260784	0.0000562
all	1042	113	2260784	0.0000500
all	1043	135	2260784	0.0000597
all	1044	126	2260784	0.0000557
all	1045	127	2260784	0.0000562
all	1046	151	2260784	0.0000668
all	1047	125	2260784	0.0000553
all	1048	109	2260784	0.0000482
all	1049	105	2260784	0.0000464
all	1050	137	2260784	0.0000606
all	1051	108	2260784	0.0000478
all	1052	120	2260784	0.0000531
all	1053	119	2260784	0.0000526
all	1054	116	2260784	0.0000513
all	1055	130	2260784	0.0000575
all	1056	117	2260784	0.0000518
all	1057	112	2260784	0.0000495
all	1058	123	2260784	0.0000544
all	1059	117	2260784	0.0000518
all	1060	98	2260784	0.0000433
all	1061	92	2260784	0.0000407
all	1062	107	2260784	0.0000473
all	1063	120	2260784	0.0000531
all	1064	108	2260784	0.0000478
all	1065	89	2260784	0.0000394
all	1066	105	2260784	0.0000464
all	1067	82	2260784	0.0000363
all	1068	143	2260784	0.0000633
all	1069	111	2260784	0.0000491
all	1070	110	2260784	0.0000487
all	1071	122	2260784	0.0000540
all	1072	89	2260784	0.0000394
all	1073	121	2260784	0.0000535
all	1074	116	2260784	0.0000513
all	1075	121	2260784	0.0000535
all	1076	137	2260784	0.0000606
all	1077	121	2260784	0.0000535
all	1078	105	2260784	0.0000464
all	1079	112	2260784	0.0000495
all	1080	96	2260784	0.0000425
all	1081	102	2260784	0.0000451
all	1082	107	2260784	0.0000473
all	1083	113	2260784	0.0000500
all	1084	98	2260784	0.0000433
all	1085	76	2260784	0.0000336
all	1086	112	2260784	0.0000495
all	1087	96	2260784	0.0000425
all	1088	79	2260784	0.0000349
all	1089	109	2260784	0.0000482
all	1090	93	2260784	0.0000411
all	1091	102	2260784	0.0000451
all	1092	78	2260784	0.0000345
all	1093	116	2260784	0.0000513
all	1094	72	2260784	0.0000318
all	1095	100	2260784	0.0000442
all	1096	77	2260784	0.0000341
all	1097	84	2260784	0.0000372
all	1098	75	2260784	0.0000332
all	1099	101	2260784	0.0000447
all	1100	103	2260784	0.0000456
all	1101	74	2260784	0.0000327
all	1102	104	2260784	0.0000460
all	1103	90	2260784	0.0000398
all	1104	100	2260784	0.0000442
all	1105	79	2260784	0.0000349
all	1106	103	2260784	0.0000456
all	1107	100	2260784	0.0000442
all	1108	92	2260784	0.0000407
all	1109	100	2260784	0.0000442
all	1110	96	2260784	0.0000425
all	1111	133	2260784	0.0000588
all	1112	116	2260784	0.0000513
all	1113	93	2260784	0.0000411
all	1114	97	2260784	0.0000429
all	1115	101	2260784	0.0000447
all	1116	100	2260784	0.0000442
all	1117	85	2260784	0.0000376
all	1118	72	2260784	0.0000318
all	1119	68	2260784	0.0000301
all	1120	99	2260784	0.0000438
all	1121	91	2260784	0.0000403
all	1122	114	2260784	0.0000504
all	1123	91	2260784	0.0000403
all	1124	91	2260784	0.0000403
all	1125	97	2260784	0.0000429
all	1126	100	2260784	0.0000442
all	1127	83	2260784	0.0000367
all	1128	80	2260784	0.0000354
all	1129	75	2260784	0.0000332
all	1130	91	2260784	0.0000403
all	1131	113	2260784	0.0000500
all	1132	79	2260784	0.0000349
all	1133	119	2260784	0.0000526
all	1134	86	2260784	0.0000380
all	1135	112	2260784	0.0000495
all	1136	74	2260784	0.0000327
all	1137	70	2260784	0.0000310
all	1138	62	2260784	0.0000274
all	1139	67	2260784	0.0000296
all	1140	103	2260784	0.0000456
all	1141	82	2260784	0.0000363
all	1142	83	2260784	0.0000367
all	1143	99	2260784	0.0000438
all	1144	83	2260784	0.0000367
all	1145	79	2260784	0.0000349
all	1146	90	2260784	0.0000398
all	1147	64	2260784	0.0000283
all	1148	89	2260784	0.0000394
all	1149	79	2260784	0.0000349
all	1150	74	2260784	0.0000327
all	1151	56	2260784	0.0000248
all	1152	46	2260784	0.0000203
all	1153	84	2260784	0.0000372
all	1154	48	2260784	0.0000212
all	1155	69	2260784	0.0000305
all	1156	74	2260784	0.0000327
all	1157	54	2260784	0.0000239
all	1158	84	2260784	0.0000372
all	1159	83	2260784	0.0000367
all	1160	90	2260784	0.0000398
all	1161	96	2260784	0.0000425
all	1162	80	2260784	0.0000354
all	1163	61	2260784	0.0000270
all	1164	68	2260784	0.0000301
all	1165	71	2260784	0.0000314
all	1166	60	2260784	0.0000265
all	1167	67	2260784	0.0000296
all	1168	79	2260784	0.0000349
all	1169	71	2260784	0.0000314
all	1170	61	2260784	0.0000270
all	1171	77	2260784	0.0000341
all	1172	54	2260784	0.0000239
all	1173	65	2260784	0.0000288
all	1174	59	2260784	0.0000261
all	1175	76	2260784	0.0000336
all	1176	56	2260784	0.0000248
all	1177	63	2260784	0.0000279
all	1178	77	2260784	0.0000341
all	1179	62	2260784	0.0000274
all	1180	72	2260784	0.0000318
all	1181	71	2260784	0.0000314
all	1182	59	2260784	0.0000261
all	1183	73	2260784	0.0000323
all	1184	75	2260784	0.0000332
all	1185	63	2260784	0.0000279
all	1186	48	2260784	0.0000212
all	1187	49	2260784	0.0000217
all	1188	73	2260784	0.0000323
all	1189	59	2260784	0.0000261
all	1190	57	2260784	0.0000252
all	1191	77	2260784	0.0000341
all	1192	47	2260784	0.0000208
all	1193	60	2260784	0.0000265
all	1194	50	2260784	0.0000221
all	1195	60	2260784	0.0000265
all	1196	59	2260784	0.0000261
all	1197	57	2260784	0.0000252
all	1198	42	2260784	0.0000186
all	1199	54	2260784	0.0000239
all	1200	61	2260784	0.0000270
all	1201	72	2260784	0.0000318
all	1202	68	2260784	0.0000301
all	1203	47	2260784	0.0000208
all	1204	46	2260784	0.0000203
all	1205	42	2260784	0.0000186
all	1206	50	2260784	0.0000221
all	1207	53	2260784	0.0000234
all	1208	54	2260784	0.0000239
all	1209	55	2260784	0.0000243
all	1210	30	2260784	0.0000133
all	1211	45	2260784	0.0000199
all	1212	44	2260784	0.0000195
all	1213	32	2260784	0.0000142
all	1214	59	2260784	0.0000261
all	1215	38	2260784	0.0000168
all	1216	39	2260784	0.0000173
all	1217	51	2260784	0.0000226
all	1218	35	2260784	0.0000155
all	1219	45	2260784	0.0000199
all	1220	36	2260784	0.0000159
all	1221	47	2260784	0.0000208
all	1222	35	2260784	0.0000155
all	1223	45	2260784	0.0000199
all	1224	42	2260784	0.0000186
all	1225	41	2260784	0.0000181
all	1226	36	2260784	0.0000159
all	1227	46	2260784	0.0000203
all	1228	35	2260784	0.0000155
all	1229	38	2260784	0.0000168
all	1230	38	2260784	0.0000168
all	1231	44	2260784	0.0000195
all	1232	38	2260784	0.0000168
all	1233	42	2260784	0.0000186
all	1234	59	2260784	0.0000261
all	1235	22	2260784	0.0000097
all	1236	37	2260784	0.0000164
all	1237	44	2260784	0.0000195
all	1238	52	2260784	0.0000230
all	1239	30	2260784	0.0000133
all	1240	21	2260784	0.0000093
all	1241	34	2260784	0.0000150
all	1242	34	2260784	0.0000150
all	1243	49	2260784	0.0000217
all	1244	44	2260784	0.0000195
all	1245	40	2260784	0.0000177
all	1246	25	2260784	0.0000111
all	1247	26	2260784	0.0000115
all	1248	40	2260784	0.0000177
all	1249	43	2260784	0.0000190
all	1250	34	2260784	0.0000150
all	1251	45	2260784	0.0000199
all	1252	34	2260784	0.0000150
all	1253	34	2260784	0.0000150
all	1254	44	2260784	0.0000195
all	1255	40	2260784	0.0000177
all	1256	33	2260784	0.0000146
all	1257	40	2260784	0.0000177
all	1258	55	2260784	0.0000243
all	1259	31	2260784	0.0000137
all	1260	29	2260784	0.0000128
all	1261	28	2260784	0.0000124
all	1262	33	2260784	0.0000146
all	1263	38	2260784	0.0000168
all	1264	30	2260784	0.0000133
all	1265	18	2260784	0.0000080
all	1266	24	2260784	0.0000106
all	1267	24	2260784	0.0000106
all	1268	29	2260784	0.0000128
all	1269	33	2260784	0.0000146
all	1270	18	2260784	0.0000080
all	1271	37	2260784	0.0000164
all	1272	35	2260784	0.0000155
all	1273	30	2260784	0.0000133
all	1274	25	2260784	0.0000111
all	1275	33	2260784	0.0000146
all	1276	17	2260784	0.0000075
all	1277	22	2260784	0.0000097
all	1278	28	2260784	0.0000124
all	1279	27	2260784	0.0000119
all	1280	32	2260784	0.0000142
all	1281	27	2260784	0.0000119
all	1282	21	2260784	0.0000093
all	1283	22	2260784	0.0000097
all	1284	28	2260784	0.0000124
all	1285	30	2260784	0.0000133
all	1286	18	2260784	0.0000080
all	1287	27	2260784	0.0000119
all	1288	34	2260784	0.0000150
all	1289	22	2260784	0.0000097
all	1290	20	2260784	0.0000088
all	1291	17	2260784	0.0000075
all	1292	17	2260784	0.0000075
all	1293	21	2260784	0.0000093
all	1294	28	2260784	0.0000124
all	1295	20	2260784	0.0000088
all	1296	33	2260784	0.0000146
all	1297	29	2260784	0.0000128
all	1298	26	2260784	0.0000115
all	1299	25	2260784	0.0000111
all	1300	23	2260784	0.0000102
all	1301	19	2260784	0.0000084
all	1302	34	2260784	0.0000150
all	1303	17	2260784	0.0000075
all	1304	19	2260784	0.0000084
all	1305	27	2260784	0.0000119
all	1306	21	2260784	0.0000093
all	1307	22	2260784	0.0000097
all	1308	16	2260784	0.0000071
all	1309	26	2260784	0.0000115
all	1310	31	2260784	0.0000137
all	1311	12	2260784	0.0000053
all	1312	21	2260784	0.0000093
all	1313	19	2260784	0.0000084
all	1314	19	2260784	0.0000084
all	1315	16	2260784	0.0000071
all	1316	25	2260784	0.0000111
all	1317	18	2260784	0.0000080
all	1318	22	2260784	0.0000097
all	1319	23	2260784	0.0000102
all	1320	20	2260784	0.0000088
all	1321	25	2260784	0.0000111
all	1322	17	2260784	0.0000075
all	1323	10	2260784	0.0000044
all	1324	12	2260784	0.0000053
all	1325	25	2260784	0.0000111
all	1326	19	2260784	0.0000084
all	1327	31	2260784	0.0000137
all	1328	32	2260784	0.0000142
all	1329	22	2260784	0.0000097
all	1330	12	2260784	0.0000053
all	1331	24	2260784	0.0000106
all	1332	8	2260784	0.0000035
all	1333	19	2260784	0.0000084
all	1334	11	2260784	0.0000049
all	1335	20	2260784	0.0000088
all	1336	23	2260784	0.0000102
all	1337	26	2260784	0.0000115
all	1338	13	2260784	0.0000058
all	1339	14	2260784	0.0000062
all	1340	21	2260784	0.0000093
all	1341	21	2260784	0.0000093
all	1342	20	2260784	0.0000088
all	1343	24	2260784	0.0000106
all	1344	21	2260784	0.0000093
all	1345	25	2260784	0.0000111
all	1346	9	2260784	0.0000040
all	1347	33	2260784	0.0000146
all	1348	11	2260784	0.0000049
all	1349	9	2260784	0.0000040
all	1350	12	2260784	0.0000053
all	1351	23	2260784	0.0000102
all	1352	18	2260784	0.0000080
all	1353	19	2260784	0.0000084
all	1354	22	2260784	0.0000097
all	1355	17	2260784	0.0000075
all	1356	19	2260784	0.0000084
all	1357	17	2260784	0.0000075
all	1358	18	2260784	0.0000080
all	1359	18	2260784	0.0000080
all	1360	22	2260784	0.0000097
all	1361	22	2260784	0.0000097
all	1362	14	2260784	0.0000062
all	1363	15	2260784	0.0000066
all	1364	25	2260784	0.0000111
all	1365	24	2260784	0.0000106
all	1366	11	2260784	0.0000049
all	1367	19	2260784	0.0000084
all	1368	18	2260784	0.0000080
all	1369	23	2260784	0.0000102
all	1370	24	2260784	0.0000106
all	1371	22	2260784	0.0000097
all	1372	19	2260784	0.0000084
all	1373	20	2260784	0.0000088
all	1374	10	2260784	0.0000044
all	1375	20	2260784	0.0000088
all	1376	9	2260784	0.0000040
all	1377	25	2260784	0.0000111
all	1378	18	2260784	0.0000080
all	1379	14	2260784	0.0000062
all	1380	17	2260784	0.0000075
all	1381	12	2260784	0.0000053
all	1382	23	2260784	0.0000102
all	1383	28	2260784	0.0000124
all	1384	15	2260784	0.0000066
all	1385	14	2260784	0.0000062
all	1386	12	2260784	0.0000053
all	1387	16	2260784	0.0000071
all	1388	27	2260784	0.0000119
all	1389	10	2260784	0.0000044
all	1390	9	2260784	0.0000040
all	1391	19	2260784	0.0000084
all	1392	24	2260784	0.0000106
all	1393	15	2260784	0.0000066
all	1394	14	2260784	0.0000062
all	1395	19	2260784	0.0000084
all	1396	16	2260784	0.0000071
all	1397	8	2260784	0.0000035
all	1398	18	2260784	0.0000080
all	1399	12	2260784	0.0000053
all	1400	18	2260784	0.0000080
all	1401	10	2260784	0.0000044
all	1402	7	2260784	0.0000031
all	1403	6	2260784	0.0000027
all	1404	7	2260784	0.0000031
all	1405	7	2260784	0.0000031
all	1406	4	2260784	0.0000018
all	1407	14	2260784	0.0000062
all	1408	13	2260784	0.0000058
all	1409	7	2260784	0.0000031
all	1410	9	2260784	0.0000040
all	1411	7	2260784	0.0000031
all	1412	5	2260784	0.0000022
all	1413	8	2260784	0.0000035
all	1414	7	2260784	0.0000031
all	1415	20	2260784	0.0000088
all	1416	16	2260784	0.0000071
all	1417	15	2260784	0.0000066
all	1418	6	2260784	0.0000027
all	1419	5	2260784	0.0000022
all	1420	4	2260784	0.0000018
all	1421	12	2260784	0.0000053
all	1422	12	2260784	0.0000053
all	1423	7	2260784	0.0000031
all	1424	8	2260784	0.0000035
all	1425	6	2260784	0.0000027
all	1426	12	2260784	0.0000053
all	1427	8	2260784	0.0000035
all	1428	15	2260784	0.0000066
all	1429	8	2260784	0.0000035
all	1430	8	2260784	0.0000035
all	1431	11	2260784	0.0000049
all	1432	11	2260784	0.0000049
all	1433	8	2260784	0.0000035
all	1434	2	2260784	0.0000009
all	1435	5	2260784	0.0000022
all	1436	5	2260784	0.0000022
all	1437	10	2260784	0.0000044
all	1438	7	2260784	0.0000031
all	1439	7	2260784	0.0000031
all	1440	8	2260784	0.0000035
all	1441	4	2260784	0.0000018
all	1442	8	2260784	0.0000035
all	1443	11	2260784	0.0000049
all	1444	25	2260784	0.0000111
all	1445	11	2260784	0.0000049
all	1446	13	2260784	0.0000058
all	1447	9	2260784	0.0000040
all	1448	14	2260784	0.0000062
all	1449	16	2260784	0.0000071
all	1451	10	2260784	0.0000044
all	1452	5	2260784	0.0000022
all	1453	4	2260784	0.0000018
all	1454	3	2260784	0.0000013
all	1456	8	2260784	0.0000035
all	1457	3	2260784	0.0000013
all	1458	4	2260784	0.0000018
all	1459	7	2260784	0.0000031
all	1460	5	2260784	0.0000022
all	1461	12	2260784	0.0000053
all	1462	3	2260784	0.0000013
all	1463	2	2260784	0.0000009
all	1465	5	2260784	0.0000022
all	1466	7	2260784	0.0000031
all	1467	2	2260784	0.0000009
all	1468	5	2260784	0.0000022
all	1469	4	2260784	0.0000018
all	1470	10	2260784	0.0000044
all	1471	6	2260784	0.0000027
all	1472	9	2260784	0.0000040
all	1473	4	2260784	0.0000018
all	1474	2	2260784	0.0000009
all	1475	2	2260784	0.0000009
all	1476	1	2260784	0.0000004
all	1477	4	2260784	0.0000018
all	1478	12	2260784	0.0000053
all	1479	8	2260784	0.0000035
all	1480	2	2260784	0.0000009
all	1481	4	2260784	0.0000018
all	1482	4	2260784	0.0000018
all	1484	2	2260784	0.0000009
all	1485	6	2260784	0.0000027
all	1486	1	2260784	0.0000004
all	1487	6	2260784	0.0000027
all	1488	4	2260784	0.0000018
all	1489	2	2260784	0.0000009
all	1490	6	2260784	0.0000027
all	1491	8	2260784	0.0000035
all	1492	13	2260784	0.0000058
all	1493	10	2260784	0.0000044
all	1494	9	2260784	0.0000040
all	1495	6	2260784	0.0000027
all	1496	2	2260784	0.0000009
all	1497	9	2260784	0.0000040
all	1498	12	2260784	0.0000053
all	1499	10	2260784	0.0000044
all	1500	11	2260784	0.0000049
all	1501	3	2260784	0.0000013
all	1502	4	2260784	0.0000018
all	1503	5	2260784	0.0000022
all	1504	4	2260784	0.0000018
all	1505	2	2260784	0.0000009
all	1506	4	2260784	0.0000018
all	1507	2	2260784	0.0000009
all	1508	8	2260784	0.0000035
all	1509	6	2260784	0.0000027
all	1510	9	2260784	0.0000040
all	1511	4	2260784	0.0000018
all	1512	2	2260784	0.0000009
all	1513	7	2260784	0.0000031
all	1514	6	2260784	0.0000027
all	1515	4	2260784	0.0000018
all	1516	6	2260784	0.0000027
all	1517	10	2260784	0.0000044
all	1518	2	2260784	0.0000009
all	1519	5	2260784	0.0000022
all	1520	5	2260784	0.0000022
all	1521	5	2260784	0.0000022
all	1522	5	2260784	0.0000022
all	1523	2	2260784	0.0000009
all	1524	7	2260784	0.0000031
all	1525	7	2260784	0.0000031
all	1526	2	2260784	0.0000009
all	1527	2	2260784	0.0000009
all	1528	2	2260784	0.0000009
all	1529	6	2260784	0.0000027
all	1530	20	2260784	0.0000088
all	1531	6	2260784	0.0000027
all	1533	9	2260784	0.0000040
all	1534	7	2260784	0.0000031
all	1535	2	2260784	0.0000009
all	1536	11	2260784	0.0000049
all	1537	4	2260784	0.0000018
all	1538	6	2260784	0.0000027
all	1539	7	2260784	0.0000031
all	1540	3	2260784	0.0000013
all	1541	5	2260784	0.0000022
all	1542	6	2260784	0.0000027
all	1543	11	2260784	0.0000049
all	1544	7	2260784	0.0000031
all	1545	8	2260784	0.0000035
all	1546	4	2260784	0.0000018
all	1547	6	2260784	0.0000027
all	1548	4	2260784	0.0000018
all	1549	9	2260784	0.0000040
all	1550	4	2260784	0.0000018
all	1551	8	2260784	0.0000035
all	1552	3	2260784	0.0000013
all	1553	9	2260784	0.0000040
all	1554	7	2260784	0.0000031
all	1555	2	2260784	0.0000009
all	1556	2	2260784	0.0000009
all	1557	4	2260784	0.0000018
all	1559	2	2260784	0.0000009
all	1560	6	2260784	0.0000027
all	1561	5	2260784	0.0000022
all	1562	13	2260784	0.0000058
all	1563	7	2260784	0.0000031
all	1564	2	2260784	0.0000009
all	1565	4	2260784	0.0000018
all	1566	4	2260784	0.0000018
all	1567	6	2260784	0.0000027
all	1568	5	2260784	0.0000022
all	1569	10	2260784	0.0000044
all	1570	4	2260784	0.0000018
all	1571	6	2260784	0.0000027
all	1572	4	2260784	0.0000018
all	1573	5	2260784	0.0000022
all	1574	3	2260784	0.0000013
all	1575	2	2260784	0.0000009
all	1576	4	2260784	0.0000018
all	1577	8	2260784	0.0000035
all	1578	9	2260784	0.0000040
all	1580	10	2260784	0.0000044
all	1581	9	2260784	0.0000040
all	1582	4	2260784	0.0000018
all	1583	1	2260784	0.0000004
all	1584	11	2260784	0.0000049
all	1585	6	2260784	0.0000027
all	1586	2	2260784	0.0000009
all	1587	2	2260784	0.0000009
all	1590	5	2260784	0.0000022
all	1591	9	2260784	0.0000040
all	1592	4	2260784	0.0000018
all	1593	6	2260784	0.0000027
all	1594	4	2260784	0.0000018
all	1596	5	2260784	0.0000022
all	1597	2	2260784	0.0000009
all	1598	2	2260784	0.0000009
all	1599	6	2260784	0.0000027
all	1600	4	2260784	0.0000018
all	1601	1	2260784	0.0000004
all	1602	5	2260784	0.0000022
all	1603	2	2260784	0.0000009
all	1604	1	2260784	0.0000004
all	1605	6	2260784	0.0000027
all	1606	5	2260784	0.0000022
all	1607	8	2260784	0.0000035
all	1608	2	2260784	0.0000009
all	1609	5	2260784	0.0000022
all	1610	7	2260784	0.0000031
all	1611	8	2260784	0.0000035
all	1612	4	2260784	0.0000018
all	1613	5	2260784	0.0000022
all	1614	2	2260784	0.0000009
all	1616	8	2260784	0.0000035
all	1617	6	2260784	0.0000027
all	1618	4	2260784	0.0000018
all	1619	7	2260784	0.0000031
all	1620	6	2260784	0.0000027
all	1621	4	2260784	0.0000018
all	1623	6	2260784	0.0000027
all	1624	9	2260784	0.0000040
all	1625	5	2260784	0.0000022
all	1626	8	2260784	0.0000035
all	1627	4	2260784	0.0000018
all	1628	6	2260784	0.0000027
all	1629	1	2260784	0.0000004
all	1630	5	2260784	0.0000022
all	1632	5	2260784	0.0000022
all	1633	4	2260784	0.0000018
all	1634	9	2260784	0.0000040
all	1635	4	2260784	0.0000018
all	1636	9	2260784	0.0000040
all	1637	7	2260784	0.0000031
all	1638	9	2260784	0.0000040
all	1639	5	2260784	0.0000022
all	1640	4	2260784	0.0000018
all	1641	6	2260784	0.0000027
all	1642	6	2260784	0.0000027
all	1643	7	2260784	0.0000031
all	1644	6	2260784	0.0000027
all	1645	6	2260784	0.0000027
all	1646	6	2260784	0.0000027
all	1647	7	2260784	0.0000031
all	1648	5	2260784	0.0000022
all	1649	4	2260784	0.0000018
all	1650	4	2260784	0.0000018
all	1651	5	2260784	0.0000022
all	1652	8	2260784	0.0000035
all	1654	2	2260784	0.0000009
all	1655	3	2260784	0.0000013
all	1656	1	2260784	0.0000004
all	1657	6	2260784	0.0000027
all	1658	2	2260784	0.0000009
all	1659	6	2260784	0.0000027
all	1660	2	2260784	0.0000009
all	1661	5	2260784	0.0000022
all	1662	4	2260784	0.0000018
all	1664	4	2260784	0.0000018
all	1665	1	2260784	0.0000004
all	1666	4	2260784	0.0000018
all	1667	4	2260784	0.0000018
all	1668	2	2260784	0.0000009
all	1669	6	2260784	0.0000027
all	1670	5	2260784	0.0000022
all	1671	4	2260784	0.0000018
all	1672	1	2260784	0.0000004
all	1673	7	2260784	0.0000031
all	1674	7	2260784	0.0000031
all	1675	4	2260784	0.0000018
all	1676	2	2260784	0.0000009
all	1677	4	2260784	0.0000018
all	1678	4	2260784	0.0000018
all	1679	4	2260784	0.0000018
all	1680	3	2260784	0.0000013
all	1681	6	2260784	0.0000027
all	1682	2	2260784	0.0000009
all	1683	3	2260784	0.0000013
all	1684	2	2260784	0.0000009
all	1685	4	2260784	0.0000018
all	1686	6	2260784	0.0000027
all	1687	1	2260784	0.0000004
all	1688	1	2260784	0.0000004
all	1689	8	2260784	0.0000035
all	1690	4	2260784	0.0000018
all	1693	4	2260784	0.0000018
all	1695	2	2260784	0.0000009
all	1696	8	2260784	0.0000035
all	1697	4	2260784	0.0000018
all	1700	1	2260784	0.0000004
all	1701	2	2260784	0.0000009
all	1702	7	2260784	0.0000031
all	1703	2	2260784	0.0000009
all	1705	6	2260784	0.0000027
all	1706	4	2260784	0.0000018
all	1709	4	2260784	0.0000018
all	1710	7	2260784	0.0000031
all	1711	1	2260784	0.0000004
all	1714	2	2260784	0.0000009
all	1715	1	2260784	0.0000004
all	1716	2	2260784	0.0000009
all	1717	2	2260784	0.0000009
all	1718	2	2260784	0.0000009
all	1719	1	2260784	0.0000004
all	1721	3	2260784	0.0000013
all	1723	2	2260784	0.0000009
all	1725	2	2260784	0.0000009
all	1726	1	2260784	0.0000004
all	1727	4	2260784	0.0000018
all	1728	6	2260784	0.0000027
all	1729	2	2260784	0.0000009
all	1731	2	2260784	0.0000009
all	1732	2	2260784	0.0000009
all	1733	4	2260784	0.0000018
all	1734	3	2260784	0.0000013
all	1735	2	2260784	0.0000009
all	1736	4	2260784	0.0000018
all	1738	2	2260784	0.0000009
all	1740	1	2260784	0.0000004
all	1741	3	2260784	0.0000013
all	1742	2	2260784	0.0000009
all	1743	4	2260784	0.0000018
all	1744	8	2260784	0.0000035
all	1745	2	2260784	0.0000009
all	1746	2	2260784	0.0000009
all	1747	8	2260784	0.0000035
all	1748	2	2260784	0.0000009
all	1749	2	2260784	0.0000009
all	1750	6	2260784	0.0000027
all	1751	2	2260784	0.0000009
all	1752	4	2260784	0.0000018
all	1753	2	2260784	0.0000009
all	1754	2	2260784	0.0000009
all	1755	2	2260784	0.0000009
all	1756	6	2260784	0.0000027
all	1757	2	2260784	0.0000009
all	1758	4	2260784	0.0000018
all	1759	8	2260784	0.0000035
all	1760	2	2260784	0.0000009
all	1761	6	2260784	0.0000027
all	1764	4	2260784	0.0000018
all	1766	4	2260784	0.0000018
all	1767	3	2260784	0.0000013
all	1768	6	2260784	0.0000027
all	1770	7	2260784	0.0000031
all	1772	2	2260784	0.0000009
all	1773	1	2260784	0.0000004
all	1774	6	2260784	0.0000027
all	1775	6	2260784	0.0000027
all	1776	6	2260784	0.0000027
all	1777	2	2260784	0.0000009
all	1779	4	2260784	0.0000018
all	1780	1	2260784	0.0000004
all	1781	7	2260784	0.0000031
all	1782	4	2260784	0.0000018
all	1783	10	2260784	0.0000044
all	1784	6	2260784	0.0000027
all	1786	3	2260784	0.0000013
all	1788	3	2260784	0.0000013
all	1789	1	2260784	0.0000004
all	1790	6	2260784	0.0000027
all	1791	2	2260784	0.0000009
all	1792	5	2260784	0.0000022
all	1793	2	2260784	0.0000009
all	1794	2	2260784	0.0000009
all	1795	4	2260784	0.0000018
all	1797	4	2260784	0.0000018
all	1798	2	2260784	0.0000009
all	1799	2	2260784	0.0000009
all	1800	4	2260784	0.0000018
all	1801	6	2260784	0.0000027
all	1802	2	2260784	0.0000009
all	1803	4	2260784	0.0000018
all	1804	2	2260784	0.0000009
all	1806	2	2260784	0.0000009
all	1807	2	2260784	0.0000009
all	1809	4	2260784	0.0000018
all	1810	6	2260784	0.0000027
all	1811	2	2260784	0.0000009
all	1812	4	2260784	0.0000018
all	1814	2	2260784	0.0000009
all	1815	2	2260784	0.0000009
all	1816	2	2260784	0.0000009
all	1817	4	2260784	0.0000018
all	1821	4	2260784	0.0000018
all	1822	4	2260784	0.0000018
all	1823	2	2260784	0.0000009
all	1824	1	2260784	0.0000004
all	1826	1	2260784	0.0000004
all	1827	2	2260784	0.0000009
all	1828	2	2260784	0.0000009
all	1829	2	2260784	0.0000009
all	1830	6	2260784	0.0000027
all	1831	7	2260784	0.0000031
all	1832	8	2260784	0.0000035
all	1834	3	2260784	0.0000013
all	1835	2	2260784	0.0000009
all	1837	6	2260784	0.0000027
all	1838	4	2260784	0.0000018
all	1839	8	2260784	0.0000035
all	1841	4	2260784	0.0000018
all	1842	5	2260784	0.0000022
all	1843	1	2260784	0.0000004
all	1845	2	2260784	0.0000009
all	1850	2	2260784	0.0000009
all	1851	4	2260784	0.0000018
all	1852	3	2260784	0.0000013
all	1853	3	2260784	0.0000013
all	1854	2	2260784	0.0000009
all	1855	2	2260784	0.0000009
all	1856	5	2260784	0.0000022
all	1857	2	2260784	0.0000009
all	1858	6	2260784	0.0000027
all	1859	2	2260784	0.0000009
all	1863	7	2260784	0.0000031
all	1864	2	2260784	0.0000009
all	1865	2	2260784	0.0000009
all	1866	4	2260784	0.0000018
all	1867	2	2260784	0.0000009
all	1868	5	2260784	0.0000022
all	1869	5	2260784	0.0000022
all	1872	2	2260784	0.0000009
all	1873	6	2260784	0.0000027
all	1874	2	2260784	0.0000009
all	1875	1	2260784	0.0000004
all	1877	2	2260784	0.0000009
all	1878	3	2260784	0.0000013
all	1880	1	2260784	0.0000004
all	1881	2	2260784	0.0000009
all	1882	5	2260784	0.0000022
all	1883	4	2260784	0.0000018
all	1884	2	2260784	0.0000009
all	1885	4	2260784	0.0000018
all	1887	3	2260784	0.0000013
all	1888	2	2260784	0.0000009
all	1889	4	2260784	0.0000018
all	1891	3	2260784	0.0000013
all	1892	2	2260784	0.0000009
all	1894	2	2260784	0.0000009
all	1895	2	2260784	0.0000009
all	1896	2	2260784	0.0000009
all	1897	2	2260784	0.0000009
all	1898	2	2260784	0.0000009
all	1899	2	2260784	0.0000009
all	1900	8	2260784	0.0000035
all	1902	2	2260784	0.0000009
all	1903	6	2260784	0.0000027
all	1908	2	2260784	0.0000009
all	1911	2	2260784	0.0000009
all	1914	2	2260784	0.0000009
all	1917	4	2260784	0.0000018
all	1918	2	2260784	0.0000009
all	1919	2	2260784	0.0000009
all	1920	6	2260784	0.0000027
all	1921	3	2260784	0.0000013
all	1922	6	2260784	0.0000027
all	1923	1	2260784	0.0000004
all	1924	4	2260784	0.0000018
all	1926	5	2260784	0.0000022
all	1928	2	2260784	0.0000009
all	1930	4	2260784	0.0000018
all	1933	4	2260784	0.0000018
all	1936	3	2260784	0.0000013
all	1937	4	2260784	0.0000018
all	1938	2	2260784	0.0000009
all	1939	2	2260784	0.0000009
all	1941	5	2260784	0.0000022
all	1945	6	2260784	0.0000027
all	1946	2	2260784	0.0000009
all	1947	2	2260784	0.0000009
all	1949	4	2260784	0.0000018
all	1950	2	2260784	0.0000009
all	1955	1	2260784	0.0000004
all	1958	3	2260784	0.0000013
all	1959	2	2260784	0.0000009
all	1960	1	2260784	0.0000004
all	1961	2	2260784	0.0000009
all	1963	2	2260784	0.0000009
all	1964	2	2260784	0.0000009
all	1965	2	2260784	0.0000009
all	1966	2	2260784	0.0000009
all	1970	2	2260784	0.0000009
all	1977	2	2260784	0.0000009
all	1978	1	2260784	0.0000004
all	1979	2	2260784	0.0000009
all	1980	4	2260784	0.0000018
all	1982	2	2260784	0.0000009
all	1983	1	2260784	0.0000004
all	1984	4	2260784	0.0000018
all	1985	3	2260784	0.0000013
all	1986	2	2260784	0.0000009
all	1988	2	2260784	0.0000009
all	1989	2	2260784	0.0000009
all	1991	1	2260784	0.0000004
all	1992	2	2260784	0.0000009
all	1993	1	2260784	0.0000004
all	1994	3	2260784	0.0000013
all	1997	2	2260784	0.0000009
all	1998	2	2260784	0.0000009
all	2000	2	2260784	0.0000009
all	2002	2	2260784	0.0000009
all	2003	1	2260784	0.0000004
all	2004	1	2260784	0.0000004
all	2005	9	2260784	0.0000040
all	2006	2	2260784	0.0000009
all	2007	3	2260784	0.0000013
all	2009	1	2260784	0.0000004
all	2010	4	2260784	0.0000018
all	2012	3	2260784	0.0000013
all	2013	1	2260784	0.0000004
all	2018	1	2260784	0.0000004
all	2022	1	2260784	0.0000004
all	2024	2	2260784	0.0000009
all	2025	1	2260784	0.0000004
all	2030	1	2260784	0.0000004
all	2031	2	2260784	0.0000009
all	2035	1	2260784	0.0000004
all	2039	2	2260784	0.0000009
all	2041	2	2260784	0.0000009
all	2044	2	2260784	0.0000009
all	2047	2	2260784	0.0000009
all	2054	3	2260784	0.0000013
all	2055	3	2260784	0.0000013
all	2059	2	2260784	0.0000009
all	2061	1	2260784	0.0000004
all	2065	2	2260784	0.0000009
all	2066	1	2260784	0.0000004
all	2067	3	2260784	0.0000013
all	2070	4	2260784	0.0000018
all	2071	5	2260784	0.0000022
all	2072	2	2260784	0.0000009
all	2073	2	2260784	0.0000009
all	2074	3	2260784	0.0000013
all	2076	2	2260784	0.0000009
all	2079	4	2260784	0.0000018
all	2080	1	2260784	0.0000004
all	2081	4	2260784	0.0000018
all	2082	1	2260784	0.0000004
all	2083	2	2260784	0.0000009
all	2084	2	2260784	0.0000009
all	2085	1	2260784	0.0000004
all	2088	2	2260784	0.0000009
all	2089	2	2260784	0.0000009
all	2091	4	2260784	0.0000018
all	2093	2	2260784	0.0000009
all	2094	2	2260784	0.0000009
all	2096	3	2260784	0.0000013
all	2097	2	2260784	0.0000009
all	2098	2	2260784	0.0000009
all	2099	2	2260784	0.0000009
all	2101	2	2260784	0.0000009
all	2102	2	2260784	0.0000009
all	2106	4	2260784	0.0000018
all	2107	2	2260784	0.0000009
all	2109	4	2260784	0.0000018
all	2111	3	2260784	0.0000013
all	2112	2	2260784	0.0000009
all	2113	2	2260784	0.0000009
all	2115	4	2260784	0.0000018
all	2116	2	2260784	0.0000009
all	2118	3	2260784	0.0000013
all	2119	4	2260784	0.0000018
all	2120	2	2260784	0.0000009
all	2121	4	2260784	0.0000018
all	2122	2	2260784	0.0000009
all	2123	2	2260784	0.0000009
all	2127	4	2260784	0.0000018
all	2128	2	2260784	0.0000009
all	2130	2	2260784	0.0000009
all	2131	2	2260784	0.0000009
all	2133	2	2260784	0.0000009
all	2135	2	2260784	0.0000009
all	2136	2	2260784	0.0000009
all	2138	2	2260784	0.0000009
all	2139	2	2260784	0.0000009
all	2140	2	2260784	0.0000009
all	2142	4	2260784	0.0000018
all	2143	4	2260784	0.0000018
all	2146	2	2260784	0.0000009
all	2147	2	2260784	0.0000009
all	2156	4	2260784	0.0000018
all	2157	2	2260784	0.0000009
all	2159	6	2260784	0.0000027
all	2163	2	2260784	0.0000009
all	2165	4	2260784	0.0000018
all	2179	2	2260784	0.0000009
all	2181	2	2260784	0.0000009
all	2182	2	2260784	0.0000009
all	2196	2	2260784	0.0000009
all	2197	2	2260784	0.0000009
all	2201	2	2260784	0.0000009
all	2211	2	2260784	0.0000009
all	2212	2	2260784	0.0000009
all	2230	2	2260784	0.0000009
all	2232	2	2260784	0.0000009
all	2240	2	2260784	0.0000009
all	2244	4	2260784	0.0000018
all	2248	4	2260784	0.0000018
all	2250	2	2260784	0.0000009
all	2256	2	2260784	0.0000009
all	2258	2	2260784	0.0000009
all	2259	2	2260784	0.0000009
all	2260	2	2260784	0.0000009
all	2261	2	2260784	0.0000009
all	2262	2	2260784	0.0000009
all	2266	2	2260784	0.0000009
all	2267	2	2260784	0.0000009
all	2269	4	2260784	0.0000018
all	2271	2	2260784	0.0000009
all	2272	2	2260784	0.0000009
all	2275	4	2260784	0.0000018
all	2276	4	2260784	0.0000018
all	2281	2	2260784	0.0000009
all	2282	2	2260784	0.0000009
all	2283	2	2260784	0.0000009
all	2284	2	2260784	0.0000009
all	2289	2	2260784	0.0000009
all	2294	2	2260784	0.0000009
all	2297	4	2260784	0.0000018
all	2298	2	2260784	0.0000009
all	2299	2	2260784	0.0000009
all	2300	2	2260784	0.0000009
all	2303	2	2260784	0.0000009
all	2312	2	2260784	0.0000009
all	2313	2	2260784	0.0000009
all	2316	4	2260784	0.0000018
all	2319	4	2260784	0.0000018
all	2329	1	2260784	0.0000004
all	2330	2	2260784	0.0000009
all	2338	1	2260784	0.0000004
all	2353	2	2260784	0.0000009
all	2376	2	2260784	0.0000009
all	2386	2	2260784	0.0000009
all	2389	2	2260784	0.0000009
all	2390	2	2260784	0.0000009
all	2395	2	2260784	0.0000009
all	2403	4	2260784	0.0000018
all	2408	2	2260784	0.0000009
all	2710	2	2260784	0.0000009
all	2907	2	2260784	0.0000009
all	2964	2	2260784	0.0000009
all	2977	2	2260784	0.0000009
all	3023	2	2260784	0.0000009
all	3051	2	2260784	0.0000009
all	3066	2	2260784	0.0000009
all	3076	2	2260784	0.0000009
all	3093	2	2260784	0.0000009
all	3127	2	2260784	0.0000009
all	3180	2	2260784	0.0000009
all	3194	2	2260784	0.0000009
all	3215	2	2260784	0.0000009
all	3226	2	2260784	0.0000009
all	3245	2	2260784	0.0000009
all	3258	2	2260784	0.0000009
all	3302	1	2260784	0.0000004
all	3425	1	2260784	0.0000004
all	3446	1	2260784	0.0000004
all	3505	1	2260784	0.0000004
all	3538	1	2260784	0.0000004
all	3565	1	2260784	0.0000004
all	3581	1	2260784	0.0000004
all	3592	1	2260784	0.0000004
all	3603	1	2260784	0.0000004
all	3661	1	2260784	0.0000004
all	3667	1	2260784	0.0000004
all	3681	1	2260784	0.0000004
all	3756	1	2260784	0.0000004
all	3763	1	2260784	0.0000004
all	3774	1	2260784	0.0000004
all	3795	1	2260784	0.0000004
all	3797	1	2260784	0.0000004
all	3805	1	2260784	0.0000004
all	3850	1	2260784	0.0000004
all	3869	1	2260784	0.0000004
all	3877	1	2260784	0.0000004
all	3884	1	2260784	0.0000004
all	3904	1	2260784	0.0000004
all	3908	1	2260784	0.0000004
all	3910	2	2260784	0.0000009
all	3915	1	2260784	0.0000004
all	3936	1	2260784	0.0000004
all	3964	1	2260784	0.0000004
all	3988	1	2260784	0.0000004
all	4012	1	2260784	0.0000004
all	4048	1	2260784	0.0000004
all	4069	1	2260784	0.0000004
all	4092	1	2260784	0.0000004
all	4101	1	2260784	0.0000004
all	4117	1	2260784	0.0000004
all	4182	1	2260784	0.0000004
all	4190	1	2260784	0.0000004
all	4216	1	2260784	0.0000004
all	4224	1	2260784	0.0000004
all	4264	1	2260784	0.0000004
all	4303	1	2260784	0.0000004
all	4315	1	2260784	0.0000004
all	4328	1	2260784	0.0000004
all	4329	1	2260784	0.0000004
all	4337	1	2260784	0.0000004
all	4338	1	2260784	0.0000004
all	4352	1	2260784	0.0000004
all	4360	2	2260784	0.0000009
all	4361	1	2260784	0.0000004
all	4374	1	2260784	0.0000004
all	4380	1	2260784	0.0000004
all	4381	1	2260784	0.0000004
all	4406	1	2260784	0.0000004
all	4418	1	2260784	0.0000004
all	4437	1	2260784	0.0000004
all	4445	1	2260784	0.0000004
all	4448	1	2260784	0.0000004
all	4449	1	2260784	0.0000004
all	4451	1	2260784	0.0000004
all	4459	1	2260784	0.0000004
