all	0	179276	2260784	0.0792982
all	1	36802	2260784	0.0162784
all	2	28615	2260784	0.0126571
all	3	23207	2260784	0.0102650
all	4	21329	2260784	0.0094343
all	5	18595	2260784	0.0082250
all	6	16696	2260784	0.0073850
all	7	15233	2260784	0.0067379
all	8	14941	2260784	0.0066088
all	9	14354	2260784	0.0063491
all	10	13758	2260784	0.0060855
all	11	12861	2260784	0.0056887
all	12	12836	2260784	0.0056777
all	13	12356	2260784	0.0054654
all	14	12194	2260784	0.0053937
all	15	11861	2260784	0.0052464
all	16	11840	2260784	0.0052371
all	17	11172	2260784	0.0049416
all	18	11111	2260784	0.0049147
all	19	10896	2260784	0.0048196
all	20	10702	2260784	0.0047338
all	21	10442	2260784	0.0046188
all	22	10323	2260784	0.0045661
all	23	9951	2260784	0.0044016
all	24	9936	2260784	0.0043949
all	25	9617	2260784	0.0042538
all	26	9361	2260784	0.0041406
all	27	9885	2260784	0.0043724
all	28	9075	2260784	0.0040141
all	29	8977	2260784	0.0039707
all	30	8804	2260784	0.0038942
all	31	9185	2260784	0.0040627
all	32	8567	2260784	0.0037894
all	33	8023	2260784	0.0035488
all	34	8745	2260784	0.0038681
all	35	8910	2260784	0.0039411
all	36	8571	2260784	0.0037912
all	37	8670	2260784	0.0038350
all	38	8549	2260784	0.0037814
all	39	8394	2260784	0.0037129
all	40	7958	2260784	0.0035200
all	41	7956	2260784	0.0035191
all	42	8169	2260784	0.0036133
all	43	7720	2260784	0.0034147
all	44	7564	2260784	0.0033457
all	45	7592	2260784	0.0033581
all	46	7366	2260784	0.0032582
all	47	7570	2260784	0.0033484
all	48	7850	2260784	0.0034722
all	49	7411	2260784	0.0032781
all	50	7290	2260784	0.0032245
all	51	7356	2260784	0.0032537
all	52	7225	2260784	0.0031958
all	53	6929	2260784	0.0030649
all	54	7371	2260784	0.0032604
all	55	7050	2260784	0.0031184
all	56	6826	2260784	0.0030193
all	57	7164	2260784	0.0031688
all	58	6773	2260784	0.0029959
all	59	6674	2260784	0.0029521
all	60	6707	2260784	0.0029667
all	61	6332	2260784	0.0028008
all	62	6627	2260784	0.0029313
all	63	6298	2260784	0.0027858
all	64	6322	2260784	0.0027964
all	65	6346	2260784	0.0028070
all	66	6271	2260784	0.0027738
all	67	6439	2260784	0.0028481
all	68	6098	2260784	0.0026973
all	69	6210	2260784	0.0027468
all	70	6157	2260784	0.0027234
all	71	6015	2260784	0.0026606
all	72	6373	2260784	0.0028189
all	73	6114	2260784	0.0027044
all	74	6240	2260784	0.0027601
all	75	6396	2260784	0.0028291
all	76	6404	2260784	0.0028326
all	77	5928	2260784	0.0026221
all	78	6132	2260784	0.0027123
all	79	6104	2260784	0.0026999
all	80	6122	2260784	0.0027079
all	81	6280	2260784	0.0027778
all	82	6009	2260784	0.0026579
all	83	5760	2260784	0.0025478
all	84	5622	2260784	0.0024867
all	85	5818	2260784	0.0025734
all	86	5696	2260784	0.0025195
all	87	6039	2260784	0.0026712
all	88	5615	2260784	0.0024837
all	89	5689	2260784	0.0025164
all	90	5958	2260784	0.0026354
all	91	5469	2260784	0.0024191
all	92	5708	2260784	0.0025248
all	93	5792	2260784	0.0025619
all	94	5777	2260784	0.0025553
all	95	5907	2260784	0.0026128
all	96	5472	2260784	0.0024204
all	97	5613	2260784	0.0024828
all	98	5701	2260784	0.0025217
all	99	5645	2260784	0.0024969
all	100	5685	2260784	0.0025146
all	101	5744	2260784	0.0025407
all	102	5604	2260784	0.0024788
all	103	5641	2260784	0.0024952
all	104	5811	2260784	0.0025703
all	105	5850	2260784	0.0025876
all	106	5558	2260784	0.0024584
all	107	5673	2260784	0.0025093
all	108	5514	2260784	0.0024390
all	109	5464	2260784	0.0024169
all	110	5206	2260784	0.0023027
all	111	5318	2260784	0.0023523
all	112	5147	2260784	0.0022766
all	113	5266	2260784	0.0023293
all	114	5320	2260784	0.0023532
all	115	5190	2260784	0.0022957
all	116	4982	2260784	0.0022037
all	117	5087	2260784	0.0022501
all	118	4779	2260784	0.0021139
all	119	4954	2260784	0.0021913
all	120	5010	2260784	0.0022160
all	121	5056	2260784	0.0022364
all	122	4969	2260784	0.0021979
all	123	4926	2260784	0.0021789
all	124	4926	2260784	0.0021789
all	125	4994	2260784	0.0022090
all	126	4796	2260784	0.0021214
all	127	4860	2260784	0.0021497
all	128	4988	2260784	0.0022063
all	129	4853	2260784	0.0021466
all	130	4790	2260784	0.0021187
all	131	5093	2260784	0.0022528
all	132	5156	2260784	0.0022806
all	133	4809	2260784	0.0021271
all	134	4871	2260784	0.0021546
all	135	4878	2260784	0.0021577
all	136	4999	2260784	0.0022112
all	137	4714	2260784	0.0020851
all	138	4917	2260784	0.0021749
all	139	4892	2260784	0.0021639
all	140	4696	2260784	0.0020772
all	141	4904	2260784	0.0021692
all	142	4900	2260784	0.0021674
all	143	4789	2260784	0.0021183
all	144	4980	2260784	0.0022028
all	145	4696	2260784	0.0020772
all	146	4705	2260784	0.0020811
all	147	4655	2260784	0.0020590
all	148	4483	2260784	0.0019829
all	149	4431	2260784	0.0019599
all	150	4508	2260784	0.0019940
all	151	4403	2260784	0.0019476
all	152	4695	2260784	0.0020767
all	153	4532	2260784	0.0020046
all	154	4698	2260784	0.0020780
all	155	4622	2260784	0.0020444
all	156	4549	2260784	0.0020121
all	157	4344	2260784	0.0019215
all	158	4633	2260784	0.0020493
all	159	4551	2260784	0.0020130
all	160	4359	2260784	0.0019281
all	161	4272	2260784	0.0018896
all	162	4172	2260784	0.0018454
all	163	4214	2260784	0.0018640
all	164	4154	2260784	0.0018374
all	165	4402	2260784	0.0019471
all	166	4504	2260784	0.0019922
all	167	4289	2260784	0.0018971
all	168	4025	2260784	0.0017804
all	169	4076	2260784	0.0018029
all	170	4199	2260784	0.0018573
all	171	4031	2260784	0.0017830
all	172	4192	2260784	0.0018542
all	173	4206	2260784	0.0018604
all	174	4121	2260784	0.0018228
all	175	4105	2260784	0.0018157
all	176	4168	2260784	0.0018436
all	177	4140	2260784	0.0018312
all	178	4215	2260784	0.0018644
all	179	4164	2260784	0.0018418
all	180	4183	2260784	0.0018502
all	181	4324	2260784	0.0019126
all	182	4395	2260784	0.0019440
all	183	4284	2260784	0.0018949
all	184	4322	2260784	0.0019117
all	185	4212	2260784	0.0018631
all	186	4178	2260784	0.0018480
all	187	4229	2260784	0.0018706
all	188	4070	2260784	0.0018003
all	189	4136	2260784	0.0018295
all	190	4176	2260784	0.0018471
all	191	4133	2260784	0.0018281
all	192	4072	2260784	0.0018011
all	193	4152	2260784	0.0018365
all	194	3916	2260784	0.0017321
all	195	4027	2260784	0.0017812
all	196	3898	2260784	0.0017242
all	197	3835	2260784	0.0016963
all	198	3787	2260784	0.0016751
all	199	3926	2260784	0.0017366
all	200	3781	2260784	0.0016724
all	201	3727	2260784	0.0016485
all	202	3703	2260784	0.0016379
all	203	3680	2260784	0.0016278
all	204	3733	2260784	0.0016512
all	205	3792	2260784	0.0016773
all	206	3701	2260784	0.0016370
all	207	3623	2260784	0.0016025
all	208	3599	2260784	0.0015919
all	209	3684	2260784	0.0016295
all	210	3657	2260784	0.0016176
all	211	3622	2260784	0.0016021
all	212	3705	2260784	0.0016388
all	213	3658	2260784	0.0016180
all	214	3565	2260784	0.0015769
all	215	3686	2260784	0.0016304
all	216	3556	2260784	0.0015729
all	217	3614	2260784	0.0015986
all	218	3531	2260784	0.0015618
all	219	3348	2260784	0.0014809
all	220	3384	2260784	0.0014968
all	221	3410	2260784	0.0015083
all	222	3386	2260784	0.0014977
all	223	3343	2260784	0.0014787
all	224	3297	2260784	0.0014583
all	225	3442	2260784	0.0015225
all	226	3481	2260784	0.0015397
all	227	3357	2260784	0.0014849
all	228	3545	2260784	0.0015680
all	229	3348	2260784	0.0014809
all	230	3306	2260784	0.0014623
all	231	3201	2260784	0.0014159
all	232	3186	2260784	0.0014092
all	233	3199	2260784	0.0014150
all	234	3324	2260784	0.0014703
all	235	3128	2260784	0.0013836
all	236	3196	2260784	0.0014137
all	237	3191	2260784	0.0014115
all	238	3189	2260784	0.0014106
all	239	3197	2260784	0.0014141
all	240	3158	2260784	0.0013969
all	241	3165	2260784	0.0014000
all	242	3078	2260784	0.0013615
all	243	3150	2260784	0.0013933
all	244	2905	2260784	0.0012850
all	245	3033	2260784	0.0013416
all	246	3036	2260784	0.0013429
all	247	3012	2260784	0.0013323
all	248	3067	2260784	0.0013566
all	249	3018	2260784	0.0013349
all	250	2950	2260784	0.0013049
all	251	3063	2260784	0.0013548
all	252	3110	2260784	0.0013756
all	253	3032	2260784	0.0013411
all	254	3053	2260784	0.0013504
all	255	3009	2260784	0.0013310
all	256	2982	2260784	0.0013190
all	257	2891	2260784	0.0012788
all	258	2900	2260784	0.0012827
all	259	2871	2260784	0.0012699
all	260	3030	2260784	0.0013402
all	261	2950	2260784	0.0013049
all	262	2958	2260784	0.0013084
all	263	2934	2260784	0.0012978
all	264	2978	2260784	0.0013172
all	265	2917	2260784	0.0012903
all	266	2861	2260784	0.0012655
all	267	2923	2260784	0.0012929
all	268	3000	2260784	0.0013270
all	269	2841	2260784	0.0012566
all	270	2883	2260784	0.0012752
all	271	2905	2260784	0.0012850
all	272	2871	2260784	0.0012699
all	273	2855	2260784	0.0012628
all	274	2726	2260784	0.0012058
all	275	2724	2260784	0.0012049
all	276	2893	2260784	0.0012796
all	277	2791	2260784	0.0012345
all	278	2824	2260784	0.0012491
all	279	2754	2260784	0.0012182
all	280	2927	2260784	0.0012947
all	281	2941	2260784	0.0013009
all	282	2783	2260784	0.0012310
all	283	2719	2260784	0.0012027
all	284	2714	2260784	0.0012005
all	285	2718	2260784	0.0012022
all	286	2629	2260784	0.0011629
all	287	2629	2260784	0.0011629
all	288	2744	2260784	0.0012137
all	289	2603	2260784	0.0011514
all	290	2648	2260784	0.0011713
all	291	2638	2260784	0.0011669
all	292	2884	2260784	0.0012757
all	293	2679	2260784	0.0011850
all	294	2672	2260784	0.0011819
all	295	2592	2260784	0.0011465
all	296	2626	2260784	0.0011615
all	297	2843	2260784	0.0012575
all	298	2631	2260784	0.0011638
all	299	2633	2260784	0.0011646
all	300	2671	2260784	0.0011814
all	301	2623	2260784	0.0011602
all	302	2612	2260784	0.0011554
all	303	2608	2260784	0.0011536
all	304	2512	2260784	0.0011111
all	305	2479	2260784	0.0010965
all	306	2483	2260784	0.0010983
all	307	2605	2260784	0.0011523
all	308	2405	2260784	0.0010638
all	309	2512	2260784	0.0011111
all	310	2538	2260784	0.0011226
all	311	2495	2260784	0.0011036
all	312	2307	2260784	0.0010204
all	313	2443	2260784	0.0010806
all	314	2312	2260784	0.0010227
all	315	2327	2260784	0.0010293
all	316	2333	2260784	0.0010319
all	317	2226	2260784	0.0009846
all	318	2283	2260784	0.0010098
all	319	2313	2260784	0.0010231
all	320	2377	2260784	0.0010514
all	321	2307	2260784	0.0010204
all	322	2221	2260784	0.0009824
all	323	2285	2260784	0.0010107
all	324	2172	2260784	0.0009607
all	325	2151	2260784	0.0009514
all	326	2059	2260784	0.0009107
all	327	2214	2260784	0.0009793
all	328	2022	2260784	0.0008944
all	329	2181	2260784	0.0009647
all	330	2156	2260784	0.0009537
all	331	2170	2260784	0.0009598
all	332	2005	2260784	0.0008869
all	333	2129	2260784	0.0009417
all	334	2216	2260784	0.0009802
all	335	2175	2260784	0.0009621
all	336	2105	2260784	0.0009311
all	337	2115	2260784	0.0009355
all	338	1996	2260784	0.0008829
all	339	2136	2260784	0.0009448
all	340	2073	2260784	0.0009169
all	341	2117	2260784	0.0009364
all	342	2024	2260784	0.0008953
all	343	1951	2260784	0.0008630
all	344	1911	2260784	0.0008453
all	345	1849	2260784	0.0008179
all	346	2026	2260784	0.0008961
all	347	2000	2260784	0.0008846
all	348	1886	2260784	0.0008342
all	349	1952	2260784	0.0008634
all	350	1843	2260784	0.0008152
all	351	1952	2260784	0.0008634
all	352	1955	2260784	0.0008647
all	353	1901	2260784	0.0008409
all	354	1834	2260784	0.0008112
all	355	1855	2260784	0.0008205
all	356	1863	2260784	0.0008241
all	357	1905	2260784	0.0008426
all	358	1838	2260784	0.0008130
all	359	1722	2260784	0.0007617
all	360	1895	2260784	0.0008382
all	361	1813	2260784	0.0008019
all	362	1732	2260784	0.0007661
all	363	1791	2260784	0.0007922
all	364	1838	2260784	0.0008130
all	365	1818	2260784	0.0008041
all	366	1715	2260784	0.0007586
all	367	1708	2260784	0.0007555
all	368	1718	2260784	0.0007599
all	369	1656	2260784	0.0007325
all	370	1616	2260784	0.0007148
all	371	1625	2260784	0.0007188
all	372	1657	2260784	0.0007329
all	373	1661	2260784	0.0007347
all	374	1585	2260784	0.0007011
all	375	1612	2260784	0.0007130
all	376	1607	2260784	0.0007108
all	377	1552	2260784	0.0006865
all	378	1776	2260784	0.0007856
all	379	1640	2260784	0.0007254
all	380	1570	2260784	0.0006944
all	381	1580	2260784	0.0006989
all	382	1505	2260784	0.0006657
all	383	1574	2260784	0.0006962
all	384	1505	2260784	0.0006657
all	385	1522	2260784	0.0006732
all	386	1527	2260784	0.0006754
all	387	1556	2260784	0.0006883
all	388	1556	2260784	0.0006883
all	389	1466	2260784	0.0006484
all	390	1460	2260784	0.0006458
all	391	1460	2260784	0.0006458
all	392	1556	2260784	0.0006883
all	393	1489	2260784	0.0006586
all	394	1535	2260784	0.0006790
all	395	1508	2260784	0.0006670
all	396	1572	2260784	0.0006953
all	397	1499	2260784	0.0006630
all	398	1462	2260784	0.0006467
all	399	1424	2260784	0.0006299
all	400	1470	2260784	0.0006502
all	401	1512	2260784	0.0006688
all	402	1458	2260784	0.0006449
all	403	1460	2260784	0.0006458
all	404	1460	2260784	0.0006458
all	405	1379	2260784	0.0006100
all	406	1440	2260784	0.0006369
all	407	1496	2260784	0.0006617
all	408	1465	2260784	0.0006480
all	409	1465	2260784	0.0006480
all	410	1315	2260784	0.0005817
all	411	1334	2260784	0.0005901
all	412	1384	2260784	0.0006122
all	413	1392	2260784	0.0006157
all	414	1406	2260784	0.0006219
all	415	1301	2260784	0.0005755
all	416	1296	2260784	0.0005733
all	417	1412	2260784	0.0006246
all	418	1445	2260784	0.0006392
all	419	1359	2260784	0.0006011
all	420	1224	2260784	0.0005414
all	421	1321	2260784	0.0005843
all	422	1334	2260784	0.0005901
all	423	1369	2260784	0.0006055
all	424	1312	2260784	0.0005803
all	425	1199	2260784	0.0005303
all	426	1231	2260784	0.0005445
all	427	1243	2260784	0.0005498
all	428	1277	2260784	0.0005648
all	429	1222	2260784	0.0005405
all	430	1242	2260784	0.0005494
all	431	1278	2260784	0.0005653
all	432	1221	2260784	0.0005401
all	433	1197	2260784	0.0005295
all	434	1216	2260784	0.0005379
all	435	1259	2260784	0.0005569
all	436	1192	2260784	0.0005273
all	437	1262	2260784	0.0005582
all	438	1208	2260784	0.0005343
all	439	1294	2260784	0.0005724
all	440	1205	2260784	0.0005330
all	441	1228	2260784	0.0005432
all	442	1186	2260784	0.0005246
all	443	1302	2260784	0.0005759
all	444	1173	2260784	0.0005188
all	445	1158	2260784	0.0005122
all	446	1219	2260784	0.0005392
all	447	1222	2260784	0.0005405
all	448	1134	2260784	0.0005016
all	449	1177	2260784	0.0005206
all	450	1119	2260784	0.0004950
all	451	1159	2260784	0.0005127
all	452	1141	2260784	0.0005047
all	453	1096	2260784	0.0004848
all	454	1087	2260784	0.0004808
all	455	1211	2260784	0.0005357
all	456	1104	2260784	0.0004883
all	457	1071	2260784	0.0004737
all	458	1115	2260784	0.0004932
all	459	1019	2260784	0.0004507
all	460	1003	2260784	0.0004437
all	461	1021	2260784	0.0004516
all	462	1026	2260784	0.0004538
all	463	1033	2260784	0.0004569
all	464	1026	2260784	0.0004538
all	465	975	2260784	0.0004313
all	466	965	2260784	0.0004268
all	467	886	2260784	0.0003919
all	468	1079	2260784	0.0004773
all	469	996	2260784	0.0004406
all	470	1011	2260784	0.0004472
all	471	1031	2260784	0.0004560
all	472	1006	2260784	0.0004450
all	473	957	2260784	0.0004233
all	474	979	2260784	0.0004330
all	475	1002	2260784	0.0004432
all	476	896	2260784	0.0003963
all	477	844	2260784	0.0003733
all	478	922	2260784	0.0004078
all	479	931	2260784	0.0004118
all	480	923	2260784	0.0004083
all	481	948	2260784	0.0004193
all	482	888	2260784	0.0003928
all	483	864	2260784	0.0003822
all	484	863	2260784	0.0003817
all	485	897	2260784	0.0003968
all	486	804	2260784	0.0003556
all	487	854	2260784	0.0003777
all	488	870	2260784	0.0003848
all	489	886	2260784	0.0003919
all	490	810	2260784	0.0003583
all	491	816	2260784	0.0003609
all	492	785	2260784	0.0003472
all	493	853	2260784	0.0003773
all	494	815	2260784	0.0003605
all	495	809	2260784	0.0003578
all	496	850	2260784	0.0003760
all	497	820	2260784	0.0003627
all	498	834	2260784	0.0003689
all	499	784	2260784	0.0003468
all	500	733	2260784	0.0003242
all	501	800	2260784	0.0003539
all	502	863	2260784	0.0003817
all	503	803	2260784	0.0003552
all	504	717	2260784	0.0003171
all	505	729	2260784	0.0003225
all	506	708	2260784	0.0003132
all	507	718	2260784	0.0003176
all	508	748	2260784	0.0003309
all	509	726	2260784	0.0003211
all	510	756	2260784	0.0003344
all	511	748	2260784	0.0003309
all	512	743	2260784	0.0003286
all	513	745	2260784	0.0003295
all	514	724	2260784	0.0003202
all	515	627	2260784	0.0002773
all	516	753	2260784	0.0003331
all	517	695	2260784	0.0003074
all	518	681	2260784	0.0003012
all	519	738	2260784	0.0003264
all	520	720	2260784	0.0003185
all	521	704	2260784	0.0003114
all	522	706	2260784	0.0003123
all	523	701	2260784	0.0003101
all	524	703	2260784	0.0003110
all	525	711	2260784	0.0003145
all	526	701	2260784	0.0003101
all	527	770	2260784	0.0003406
all	528	697	2260784	0.0003083
all	529	693	2260784	0.0003065
all	530	676	2260784	0.0002990
all	531	595	2260784	0.0002632
all	532	625	2260784	0.0002765
all	533	635	2260784	0.0002809
all	534	635	2260784	0.0002809
all	535	678	2260784	0.0002999
all	536	591	2260784	0.0002614
all	537	641	2260784	0.0002835
all	538	554	2260784	0.0002450
all	539	673	2260784	0.0002977
all	540	633	2260784	0.0002800
all	541	635	2260784	0.0002809
all	542	603	2260784	0.0002667
all	543	598	2260784	0.0002645
all	544	599	2260784	0.0002650
all	545	582	2260784	0.0002574
all	546	557	2260784	0.0002464
all	547	561	2260784	0.0002481
all	548	576	2260784	0.0002548
all	549	509	2260784	0.0002251
all	550	514	2260784	0.0002274
all	551	594	2260784	0.0002627
all	552	577	2260784	0.0002552
all	553	516	2260784	0.0002282
all	554	570	2260784	0.0002521
all	555	586	2260784	0.0002592
all	556	554	2260784	0.0002450
all	557	545	2260784	0.0002411
all	558	553	2260784	0.0002446
all	559	610	2260784	0.0002698
all	560	600	2260784	0.0002654
all	561	552	2260784	0.0002442
all	562	573	2260784	0.0002535
all	563	525	2260784	0.0002322
all	564	571	2260784	0.0002526
all	565	472	2260784	0.0002088
all	566	628	2260784	0.0002778
all	567	556	2260784	0.0002459
all	568	495	2260784	0.0002190
all	569	506	2260784	0.0002238
all	570	543	2260784	0.0002402
all	571	544	2260784	0.0002406
all	572	495	2260784	0.0002190
all	573	507	2260784	0.0002243
all	574	499	2260784	0.0002207
all	575	484	2260784	0.0002141
all	576	501	2260784	0.0002216
all	577	553	2260784	0.0002446
all	578	443	2260784	0.0001959
all	579	433	2260784	0.0001915
all	580	467	2260784	0.0002066
all	581	414	2260784	0.0001831
all	582	486	2260784	0.0002150
all	583	549	2260784	0.0002428
all	584	469	2260784	0.0002075
all	585	515	2260784	0.0002278
all	586	432	2260784	0.0001911
all	587	454	2260784	0.0002008
all	588	427	2260784	0.0001889
all	589	454	2260784	0.0002008
all	590	468	2260784	0.0002070
all	591	474	2260784	0.0002097
all	592	407	2260784	0.0001800
all	593	453	2260784	0.0002004
all	594	426	2260784	0.0001884
all	595	428	2260784	0.0001893
all	596	424	2260784	0.0001875
all	597	388	2260784	0.0001716
all	598	428	2260784	0.0001893
all	599	487	2260784	0.0002154
all	600	406	2260784	0.0001796
all	601	408	2260784	0.0001805
all	602	368	2260784	0.0001628
all	603	394	2260784	0.0001743
all	604	354	2260784	0.0001566
all	605	342	2260784	0.0001513
all	606	324	2260784	0.0001433
all	607	365	2260784	0.0001614
all	608	365	2260784	0.0001614
all	609	403	2260784	0.0001783
all	610	416	2260784	0.0001840
all	611	338	2260784	0.0001495
all	612	350	2260784	0.0001548
all	613	413	2260784	0.0001827
all	614	404	2260784	0.0001787
all	615	330	2260784	0.0001460
all	616	389	2260784	0.0001721
all	617	412	2260784	0.0001822
all	618	362	2260784	0.0001601
all	619	423	2260784	0.0001871
all	620	361	2260784	0.0001597
all	621	372	2260784	0.0001645
all	622	386	2260784	0.0001707
all	623	384	2260784	0.0001699
all	624	304	2260784	0.0001345
all	625	382	2260784	0.0001690
all	626	363	2260784	0.0001606
all	627	366	2260784	0.0001619
all	628	375	2260784	0.0001659
all	629	339	2260784	0.0001499
all	630	355	2260784	0.0001570
all	631	320	2260784	0.0001415
all	632	290	2260784	0.0001283
all	633	340	2260784	0.0001504
all	634	360	2260784	0.0001592
all	635	338	2260784	0.0001495
all	636	315	2260784	0.0001393
all	637	293	2260784	0.0001296
all	638	319	2260784	0.0001411
all	639	294	2260784	0.0001300
all	640	348	2260784	0.0001539
all	641	339	2260784	0.0001499
all	642	333	2260784	0.0001473
all	643	336	2260784	0.0001486
all	644	308	2260784	0.0001362
all	645	280	2260784	0.0001239
all	646	280	2260784	0.0001239
all	647	272	2260784	0.0001203
all	648	305	2260784	0.0001349
all	649	269	2260784	0.0001190
all	650	318	2260784	0.0001407
all	651	315	2260784	0.0001393
all	652	325	2260784	0.0001438
all	653	337	2260784	0.0001491
all	654	282	2260784	0.0001247
all	655	261	2260784	0.0001154
all	656	280	2260784	0.0001239
all	657	237	2260784	0.0001048
all	658	290	2260784	0.0001283
all	659	292	2260784	0.0001292
all	660	239	2260784	0.0001057
all	661	298	2260784	0.0001318
all	662	233	2260784	0.0001031
all	663	234	2260784	0.0001035
all	664	241	2260784	0.0001066
all	665	248	2260784	0.0001097
all	666	274	2260784	0.0001212
all	667	268	2260784	0.0001185
all	668	228	2260784	0.0001008
all	669	214	2260784	0.0000947
all	670	237	2260784	0.0001048
all	671	207	2260784	0.0000916
all	672	217	2260784	0.0000960
all	673	247	2260784	0.0001093
all	674	214	2260784	0.0000947
all	675	248	2260784	0.0001097
all	676	210	2260784	0.0000929
all	677	227	2260784	0.0001004
all	678	244	2260784	0.0001079
all	679	218	2260784	0.0000964
all	680	207	2260784	0.0000916
all	681	192	2260784	0.0000849
all	682	209	2260784	0.0000924
all	683	210	2260784	0.0000929
all	684	215	2260784	0.0000951
all	685	195	2260784	0.0000863
all	686	202	2260784	0.0000893
all	687	181	2260784	0.0000801
all	688	200	2260784	0.0000885
all	689	209	2260784	0.0000924
all	690	223	2260784	0.0000986
all	691	211	2260784	0.0000933
all	692	203	2260784	0.0000898
all	693	196	2260784	0.0000867
all	694	157	2260784	0.0000694
all	695	174	2260784	0.0000770
all	696	224	2260784	0.0000991
all	697	174	2260784	0.0000770
all	698	193	2260784	0.0000854
all	699	199	2260784	0.0000880
all	700	174	2260784	0.0000770
all	701	179	2260784	0.0000792
all	702	175	2260784	0.0000774
all	703	175	2260784	0.0000774
all	704	166	2260784	0.0000734
all	705	171	2260784	0.0000756
all	706	176	2260784	0.0000778
all	707	169	2260784	0.0000748
all	708	198	2260784	0.0000876
all	709	189	2260784	0.0000836
all	710	166	2260784	0.0000734
all	711	204	2260784	0.0000902
all	712	154	2260784	0.0000681
all	713	176	2260784	0.0000778
all	714	138	2260784	0.0000610
all	715	152	2260784	0.0000672
all	716	192	2260784	0.0000849
all	717	159	2260784	0.0000703
all	718	161	2260784	0.0000712
all	719	153	2260784	0.0000677
all	720	180	2260784	0.0000796
all	721	171	2260784	0.0000756
all	722	167	2260784	0.0000739
all	723	141	2260784	0.0000624
all	724	138	2260784	0.0000610
all	725	171	2260784	0.0000756
all	726	148	2260784	0.0000655
all	727	172	2260784	0.0000761
all	728	149	2260784	0.0000659
all	729	166	2260784	0.0000734
all	730	183	2260784	0.0000809
all	731	165	2260784	0.0000730
all	732	148	2260784	0.0000655
all	733	133	2260784	0.0000588
all	734	137	2260784	0.0000606
all	735	126	2260784	0.0000557
all	736	127	2260784	0.0000562
all	737	150	2260784	0.0000663
all	738	135	2260784	0.0000597
all	739	127	2260784	0.0000562
all	740	151	2260784	0.0000668
all	741	140	2260784	0.0000619
all	742	127	2260784	0.0000562
all	743	123	2260784	0.0000544
all	744	109	2260784	0.0000482
all	745	112	2260784	0.0000495
all	746	116	2260784	0.0000513
all	747	137	2260784	0.0000606
all	748	113	2260784	0.0000500
all	749	116	2260784	0.0000513
all	750	107	2260784	0.0000473
all	751	80	2260784	0.0000354
all	752	119	2260784	0.0000526
all	753	120	2260784	0.0000531
all	754	101	2260784	0.0000447
all	755	89	2260784	0.0000394
all	756	102	2260784	0.0000451
all	757	109	2260784	0.0000482
all	758	94	2260784	0.0000416
all	759	96	2260784	0.0000425
all	760	144	2260784	0.0000637
all	761	112	2260784	0.0000495
all	762	93	2260784	0.0000411
all	763	115	2260784	0.0000509
all	764	103	2260784	0.0000456
all	765	100	2260784	0.0000442
all	766	139	2260784	0.0000615
all	767	88	2260784	0.0000389
all	768	82	2260784	0.0000363
all	769	75	2260784	0.0000332
all	770	77	2260784	0.0000341
all	771	95	2260784	0.0000420
all	772	114	2260784	0.0000504
all	773	92	2260784	0.0000407
all	774	88	2260784	0.0000389
all	775	70	2260784	0.0000310
all	776	109	2260784	0.0000482
all	777	101	2260784	0.0000447
all	778	96	2260784	0.0000425
all	779	105	2260784	0.0000464
all	780	83	2260784	0.0000367
all	781	68	2260784	0.0000301
all	782	72	2260784	0.0000318
all	783	82	2260784	0.0000363
all	784	77	2260784	0.0000341
all	785	57	2260784	0.0000252
all	786	83	2260784	0.0000367
all	787	78	2260784	0.0000345
all	788	65	2260784	0.0000288
all	789	85	2260784	0.0000376
all	790	69	2260784	0.0000305
all	791	88	2260784	0.0000389
all	792	77	2260784	0.0000341
all	793	86	2260784	0.0000380
all	794	92	2260784	0.0000407
all	795	98	2260784	0.0000433
all	796	62	2260784	0.0000274
all	797	82	2260784	0.0000363
all	798	78	2260784	0.0000345
all	799	94	2260784	0.0000416
all	800	80	2260784	0.0000354
all	801	58	2260784	0.0000257
all	802	72	2260784	0.0000318
all	803	79	2260784	0.0000349
all	804	79	2260784	0.0000349
all	805	60	2260784	0.0000265
all	806	86	2260784	0.0000380
all	807	73	2260784	0.0000323
all	808	77	2260784	0.0000341
all	809	69	2260784	0.0000305
all	810	83	2260784	0.0000367
all	811	82	2260784	0.0000363
all	812	95	2260784	0.0000420
all	813	59	2260784	0.0000261
all	814	72	2260784	0.0000318
all	815	62	2260784	0.0000274
all	816	50	2260784	0.0000221
all	817	51	2260784	0.0000226
all	818	62	2260784	0.0000274
all	819	53	2260784	0.0000234
all	820	56	2260784	0.0000248
all	821	60	2260784	0.0000265
all	822	71	2260784	0.0000314
all	823	67	2260784	0.0000296
all	824	38	2260784	0.0000168
all	825	62	2260784	0.0000274
all	826	47	2260784	0.0000208
all	827	73	2260784	0.0000323
all	828	76	2260784	0.0000336
all	829	69	2260784	0.0000305
all	830	85	2260784	0.0000376
all	831	64	2260784	0.0000283
all	832	68	2260784	0.0000301
all	833	68	2260784	0.0000301
all	834	57	2260784	0.0000252
all	835	71	2260784	0.0000314
all	836	64	2260784	0.0000283
all	837	61	2260784	0.0000270
all	838	78	2260784	0.0000345
all	839	65	2260784	0.0000288
all	840	43	2260784	0.0000190
all	841	69	2260784	0.0000305
all	842	72	2260784	0.0000318
all	843	54	2260784	0.0000239
all	844	46	2260784	0.0000203
all	845	81	2260784	0.0000358
all	846	62	2260784	0.0000274
all	847	71	2260784	0.0000314
all	848	49	2260784	0.0000217
all	849	60	2260784	0.0000265
all	850	61	2260784	0.0000270
all	851	42	2260784	0.0000186
all	852	66	2260784	0.0000292
all	853	46	2260784	0.0000203
all	854	43	2260784	0.0000190
all	855	49	2260784	0.0000217
all	856	57	2260784	0.0000252
all	857	50	2260784	0.0000221
all	858	49	2260784	0.0000217
all	859	47	2260784	0.0000208
all	860	60	2260784	0.0000265
all	861	45	2260784	0.0000199
all	862	34	2260784	0.0000150
all	863	33	2260784	0.0000146
all	864	44	2260784	0.0000195
all	865	45	2260784	0.0000199
all	866	39	2260784	0.0000173
all	867	51	2260784	0.0000226
all	868	52	2260784	0.0000230
all	869	51	2260784	0.0000226
all	870	63	2260784	0.0000279
all	871	36	2260784	0.0000159
all	872	39	2260784	0.0000173
all	873	49	2260784	0.0000217
all	874	37	2260784	0.0000164
all	875	55	2260784	0.0000243
all	876	36	2260784	0.0000159
all	877	38	2260784	0.0000168
all	878	56	2260784	0.0000248
all	879	44	2260784	0.0000195
all	880	21	2260784	0.0000093
all	881	51	2260784	0.0000226
all	882	17	2260784	0.0000075
all	883	25	2260784	0.0000111
all	884	42	2260784	0.0000186
all	885	28	2260784	0.0000124
all	886	20	2260784	0.0000088
all	887	37	2260784	0.0000164
all	888	36	2260784	0.0000159
all	889	51	2260784	0.0000226
all	890	23	2260784	0.0000102
all	891	21	2260784	0.0000093
all	892	36	2260784	0.0000159
all	893	30	2260784	0.0000133
all	894	23	2260784	0.0000102
all	895	28	2260784	0.0000124
all	896	30	2260784	0.0000133
all	897	33	2260784	0.0000146
all	898	43	2260784	0.0000190
all	899	18	2260784	0.0000080
all	900	35	2260784	0.0000155
all	901	30	2260784	0.0000133
all	902	25	2260784	0.0000111
all	903	31	2260784	0.0000137
all	904	37	2260784	0.0000164
all	905	28	2260784	0.0000124
all	906	23	2260784	0.0000102
all	907	36	2260784	0.0000159
all	908	20	2260784	0.0000088
all	909	32	2260784	0.0000142
all	910	29	2260784	0.0000128
all	911	17	2260784	0.0000075
all	912	26	2260784	0.0000115
all	913	20	2260784	0.0000088
all	914	25	2260784	0.0000111
all	915	19	2260784	0.0000084
all	916	22	2260784	0.0000097
all	917	19	2260784	0.0000084
all	918	21	2260784	0.0000093
all	919	24	2260784	0.0000106
all	920	16	2260784	0.0000071
all	921	28	2260784	0.0000124
all	922	16	2260784	0.0000071
all	923	25	2260784	0.0000111
all	924	22	2260784	0.0000097
all	925	25	2260784	0.0000111
all	926	23	2260784	0.0000102
all	927	39	2260784	0.0000173
all	928	26	2260784	0.0000115
all	929	30	2260784	0.0000133
all	930	23	2260784	0.0000102
all	931	17	2260784	0.0000075
all	932	30	2260784	0.0000133
all	933	13	2260784	0.0000058
all	934	45	2260784	0.0000199
all	935	32	2260784	0.0000142
all	936	35	2260784	0.0000155
all	937	21	2260784	0.0000093
all	938	26	2260784	0.0000115
all	939	23	2260784	0.0000102
all	940	24	2260784	0.0000106
all	941	28	2260784	0.0000124
all	942	20	2260784	0.0000088
all	943	20	2260784	0.0000088
all	944	25	2260784	0.0000111
all	945	17	2260784	0.0000075
all	946	25	2260784	0.0000111
all	947	30	2260784	0.0000133
all	948	16	2260784	0.0000071
all	949	27	2260784	0.0000119
all	950	31	2260784	0.0000137
all	951	18	2260784	0.0000080
all	952	16	2260784	0.0000071
all	953	10	2260784	0.0000044
all	954	22	2260784	0.0000097
all	955	11	2260784	0.0000049
all	956	21	2260784	0.0000093
all	957	13	2260784	0.0000058
all	958	27	2260784	0.0000119
all	959	20	2260784	0.0000088
all	960	10	2260784	0.0000044
all	961	18	2260784	0.0000080
all	962	21	2260784	0.0000093
all	963	19	2260784	0.0000084
all	964	18	2260784	0.0000080
all	965	20	2260784	0.0000088
all	966	23	2260784	0.0000102
all	967	5	2260784	0.0000022
all	968	10	2260784	0.0000044
all	969	14	2260784	0.0000062
all	970	19	2260784	0.0000084
all	971	10	2260784	0.0000044
all	972	27	2260784	0.0000119
all	973	20	2260784	0.0000088
all	974	8	2260784	0.0000035
all	975	21	2260784	0.0000093
all	976	8	2260784	0.0000035
all	977	17	2260784	0.0000075
all	978	12	2260784	0.0000053
all	979	14	2260784	0.0000062
all	980	10	2260784	0.0000044
all	981	15	2260784	0.0000066
all	982	17	2260784	0.0000075
all	983	8	2260784	0.0000035
all	984	4	2260784	0.0000018
all	985	3	2260784	0.0000013
all	986	8	2260784	0.0000035
all	987	14	2260784	0.0000062
all	988	7	2260784	0.0000031
all	989	5	2260784	0.0000022
all	990	7	2260784	0.0000031
all	991	8	2260784	0.0000035
all	992	15	2260784	0.0000066
all	993	12	2260784	0.0000053
all	994	15	2260784	0.0000066
all	995	5	2260784	0.0000022
all	996	4	2260784	0.0000018
all	997	6	2260784	0.0000027
all	998	15	2260784	0.0000066
all	999	20	2260784	0.0000088
all	1000	5	2260784	0.0000022
all	1001	26	2260784	0.0000115
all	1002	12	2260784	0.0000053
all	1003	16	2260784	0.0000071
all	1004	12	2260784	0.0000053
all	1005	5	2260784	0.0000022
all	1006	7	2260784	0.0000031
all	1007	17	2260784	0.0000075
all	1008	11	2260784	0.0000049
all	1009	13	2260784	0.0000058
all	1010	12	2260784	0.0000053
all	1011	4	2260784	0.0000018
all	1012	8	2260784	0.0000035
all	1013	13	2260784	0.0000058
all	1014	11	2260784	0.0000049
all	1015	13	2260784	0.0000058
all	1016	10	2260784	0.0000044
all	1017	1	2260784	0.0000004
all	1018	23	2260784	0.0000102
all	1019	9	2260784	0.0000040
all	1020	8	2260784	0.0000035
all	1021	2	2260784	0.0000009
all	1022	14	2260784	0.0000062
all	1023	13	2260784	0.0000058
all	1024	6	2260784	0.0000027
all	1025	8	2260784	0.0000035
all	1026	10	2260784	0.0000044
all	1027	9	2260784	0.0000040
all	1028	12	2260784	0.0000053
all	1029	9	2260784	0.0000040
all	1030	7	2260784	0.0000031
all	1032	8	2260784	0.0000035
all	1033	8	2260784	0.0000035
all	1034	7	2260784	0.0000031
all	1035	3	2260784	0.0000013
all	1036	2	2260784	0.0000009
all	1037	9	2260784	0.0000040
all	1038	8	2260784	0.0000035
all	1039	10	2260784	0.0000044
all	1040	11	2260784	0.0000049
all	1041	4	2260784	0.0000018
all	1042	14	2260784	0.0000062
all	1043	4	2260784	0.0000018
all	1044	11	2260784	0.0000049
all	1045	4	2260784	0.0000018
all	1046	9	2260784	0.0000040
all	1047	11	2260784	0.0000049
all	1048	8	2260784	0.0000035
all	1049	8	2260784	0.0000035
all	1050	7	2260784	0.0000031
all	1051	19	2260784	0.0000084
all	1052	11	2260784	0.0000049
all	1053	9	2260784	0.0000040
all	1054	13	2260784	0.0000058
all	1055	5	2260784	0.0000022
all	1056	6	2260784	0.0000027
all	1057	11	2260784	0.0000049
all	1058	17	2260784	0.0000075
all	1059	16	2260784	0.0000071
all	1060	20	2260784	0.0000088
all	1061	11	2260784	0.0000049
all	1062	7	2260784	0.0000031
all	1063	8	2260784	0.0000035
all	1064	7	2260784	0.0000031
all	1065	14	2260784	0.0000062
all	1066	6	2260784	0.0000027
all	1067	16	2260784	0.0000071
all	1068	5	2260784	0.0000022
all	1069	15	2260784	0.0000066
all	1070	6	2260784	0.0000027
all	1071	20	2260784	0.0000088
all	1072	8	2260784	0.0000035
all	1073	3	2260784	0.0000013
all	1074	12	2260784	0.0000053
all	1075	5	2260784	0.0000022
all	1076	4	2260784	0.0000018
all	1077	12	2260784	0.0000053
all	1078	6	2260784	0.0000027
all	1079	10	2260784	0.0000044
all	1080	7	2260784	0.0000031
all	1081	9	2260784	0.0000040
all	1082	20	2260784	0.0000088
all	1083	4	2260784	0.0000018
all	1084	11	2260784	0.0000049
all	1085	7	2260784	0.0000031
all	1086	7	2260784	0.0000031
all	1087	12	2260784	0.0000053
all	1088	6	2260784	0.0000027
all	1089	6	2260784	0.0000027
all	1091	12	2260784	0.0000053
all	1092	8	2260784	0.0000035
all	1093	13	2260784	0.0000058
all	1094	6	2260784	0.0000027
all	1095	14	2260784	0.0000062
all	1096	16	2260784	0.0000071
all	1097	3	2260784	0.0000013
all	1098	10	2260784	0.0000044
all	1099	6	2260784	0.0000027
all	1100	10	2260784	0.0000044
all	1101	7	2260784	0.0000031
all	1102	6	2260784	0.0000027
all	1103	14	2260784	0.0000062
all	1104	15	2260784	0.0000066
all	1105	7	2260784	0.0000031
all	1106	12	2260784	0.0000053
all	1107	15	2260784	0.0000066
all	1108	7	2260784	0.0000031
all	1109	10	2260784	0.0000044
all	1110	5	2260784	0.0000022
all	1111	5	2260784	0.0000022
all	1113	8	2260784	0.0000035
all	1114	16	2260784	0.0000071
all	1115	10	2260784	0.0000044
all	1116	14	2260784	0.0000062
all	1117	5	2260784	0.0000022
all	1118	19	2260784	0.0000084
all	1119	5	2260784	0.0000022
all	1120	6	2260784	0.0000027
all	1121	9	2260784	0.0000040
all	1122	7	2260784	0.0000031
all	1123	2	2260784	0.0000009
all	1124	5	2260784	0.0000022
all	1125	11	2260784	0.0000049
all	1126	7	2260784	0.0000031
all	1127	6	2260784	0.0000027
all	1128	4	2260784	0.0000018
all	1129	15	2260784	0.0000066
all	1130	6	2260784	0.0000027
all	1131	8	2260784	0.0000035
all	1132	2	2260784	0.0000009
all	1133	6	2260784	0.0000027
all	1134	6	2260784	0.0000027
all	1135	1	2260784	0.0000004
all	1136	8	2260784	0.0000035
all	1137	1	2260784	0.0000004
all	1138	2	2260784	0.0000009
all	1139	2	2260784	0.0000009
all	1140	3	2260784	0.0000013
all	1141	4	2260784	0.0000018
all	1142	11	2260784	0.0000049
all	1143	1	2260784	0.0000004
all	1144	2	2260784	0.0000009
all	1145	8	2260784	0.0000035
all	1146	10	2260784	0.0000044
all	1147	4	2260784	0.0000018
all	1148	7	2260784	0.0000031
all	1149	3	2260784	0.0000013
all	1150	4	2260784	0.0000018
all	1151	3	2260784	0.0000013
all	1152	5	2260784	0.0000022
all	1153	5	2260784	0.0000022
all	1154	4	2260784	0.0000018
all	1155	4	2260784	0.0000018
all	1156	7	2260784	0.0000031
all	1157	2	2260784	0.0000009
all	1159	3	2260784	0.0000013
all	1160	8	2260784	0.0000035
all	1161	7	2260784	0.0000031
all	1162	6	2260784	0.0000027
all	1163	4	2260784	0.0000018
all	1164	4	2260784	0.0000018
all	1165	6	2260784	0.0000027
all	1166	8	2260784	0.0000035
all	1167	6	2260784	0.0000027
all	1168	4	2260784	0.0000018
all	1169	8	2260784	0.0000035
all	1170	10	2260784	0.0000044
all	1171	10	2260784	0.0000044
all	1172	4	2260784	0.0000018
all	1173	2	2260784	0.0000009
all	1174	4	2260784	0.0000018
all	1175	12	2260784	0.0000053
all	1177	11	2260784	0.0000049
all	1178	12	2260784	0.0000053
all	1179	7	2260784	0.0000031
all	1180	4	2260784	0.0000018
all	1181	6	2260784	0.0000027
all	1182	4	2260784	0.0000018
all	1183	3	2260784	0.0000013
all	1185	2	2260784	0.0000009
all	1186	2	2260784	0.0000009
all	1187	3	2260784	0.0000013
all	1188	2	2260784	0.0000009
all	1189	2	2260784	0.0000009
all	1191	2	2260784	0.0000009
all	1192	8	2260784	0.0000035
all	1193	10	2260784	0.0000044
all	1194	4	2260784	0.0000018
all	1195	2	2260784	0.0000009
all	1196	10	2260784	0.0000044
all	1197	2	2260784	0.0000009
all	1198	4	2260784	0.0000018
all	1199	2	2260784	0.0000009
all	1200	6	2260784	0.0000027
all	1202	2	2260784	0.0000009
all	1203	6	2260784	0.0000027
all	1204	3	2260784	0.0000013
all	1205	6	2260784	0.0000027
all	1206	2	2260784	0.0000009
all	1207	4	2260784	0.0000018
all	1208	5	2260784	0.0000022
all	1209	3	2260784	0.0000013
all	1210	4	2260784	0.0000018
all	1211	4	2260784	0.0000018
all	1212	6	2260784	0.0000027
all	1213	10	2260784	0.0000044
all	1214	2	2260784	0.0000009
all	1215	11	2260784	0.0000049
all	1216	4	2260784	0.0000018
all	1217	1	2260784	0.0000004
all	1219	11	2260784	0.0000049
all	1220	1	2260784	0.0000004
all	1221	8	2260784	0.0000035
all	1222	8	2260784	0.0000035
all	1225	2	2260784	0.0000009
all	1226	8	2260784	0.0000035
all	1227	5	2260784	0.0000022
all	1228	4	2260784	0.0000018
all	1229	5	2260784	0.0000022
all	1231	11	2260784	0.0000049
all	1232	3	2260784	0.0000013
all	1233	4	2260784	0.0000018
all	1235	5	2260784	0.0000022
all	1236	4	2260784	0.0000018
all	1237	6	2260784	0.0000027
all	1239	2	2260784	0.0000009
all	1240	6	2260784	0.0000027
all	1241	4	2260784	0.0000018
all	1242	4	2260784	0.0000018
all	1243	8	2260784	0.0000035
all	1246	4	2260784	0.0000018
all	1247	6	2260784	0.0000027
all	1248	5	2260784	0.0000022
all	1249	2	2260784	0.0000009
all	1250	4	2260784	0.0000018
all	1251	2	2260784	0.0000009
all	1252	2	2260784	0.0000009
all	1253	4	2260784	0.0000018
all	1254	11	2260784	0.0000049
all	1255	2	2260784	0.0000009
all	1256	4	2260784	0.0000018
all	1257	2	2260784	0.0000009
all	1258	4	2260784	0.0000018
all	1259	2	2260784	0.0000009
all	1260	2	2260784	0.0000009
all	1261	3	2260784	0.0000013
all	1262	2	2260784	0.0000009
all	1263	6	2260784	0.0000027
all	1265	4	2260784	0.0000018
all	1267	2	2260784	0.0000009
all	1268	2	2260784	0.0000009
all	1269	2	2260784	0.0000009
all	1270	2	2260784	0.0000009
all	1271	4	2260784	0.0000018
all	1272	2	2260784	0.0000009
all	1274	2	2260784	0.0000009
all	1276	2	2260784	0.0000009
all	1277	2	2260784	0.0000009
all	1278	2	2260784	0.0000009
all	1279	2	2260784	0.0000009
all	1280	2	2260784	0.0000009
all	1282	2	2260784	0.0000009
all	1283	2	2260784	0.0000009
all	1284	4	2260784	0.0000018
all	1285	2	2260784	0.0000009
all	1286	2	2260784	0.0000009
all	1287	4	2260784	0.0000018
all	1288	6	2260784	0.0000027
all	1290	9	2260784	0.0000040
all	1293	2	2260784	0.0000009
all	1294	2	2260784	0.0000009
all	1295	3	2260784	0.0000013
all	1296	2	2260784	0.0000009
all	1299	3	2260784	0.0000013
all	1300	2	2260784	0.0000009
all	1302	2	2260784	0.0000009
all	1304	2	2260784	0.0000009
all	1305	2	2260784	0.0000009
all	1310	2	2260784	0.0000009
all	1311	2	2260784	0.0000009
all	1312	1	2260784	0.0000004
all	1316	2	2260784	0.0000009
all	1317	2	2260784	0.0000009
all	1318	4	2260784	0.0000018
all	1319	2	2260784	0.0000009
all	1320	1	2260784	0.0000004
all	1322	1	2260784	0.0000004
all	1327	1	2260784	0.0000004
all	1328	2	2260784	0.0000009
all	1329	3	2260784	0.0000013
all	1332	2	2260784	0.0000009
all	1334	2	2260784	0.0000009
all	1335	2	2260784	0.0000009
all	1338	2	2260784	0.0000009
all	1339	4	2260784	0.0000018
all	1342	2	2260784	0.0000009
all	1345	2	2260784	0.0000009
all	1349	2	2260784	0.0000009
all	1350	2	2260784	0.0000009
all	1353	2	2260784	0.0000009
all	1354	2	2260784	0.0000009
all	1355	2	2260784	0.0000009
all	1359	1	2260784	0.0000004
all	1361	4	2260784	0.0000018
all	1368	3	2260784	0.0000013
all	1370	2	2260784	0.0000009
all	1371	2	2260784	0.0000009
all	1375	2	2260784	0.0000009
all	1390	2	2260784	0.0000009
all	1391	2	2260784	0.0000009
all	1392	2	2260784	0.0000009
all	1393	4	2260784	0.0000018
all	1395	6	2260784	0.0000027
all	1401	2	2260784	0.0000009
all	1402	2	2260784	0.0000009
all	1403	4	2260784	0.0000018
all	1405	2	2260784	0.0000009
all	1406	2	2260784	0.0000009
all	1409	2	2260784	0.0000009
all	1410	2	2260784	0.0000009
all	1411	2	2260784	0.0000009
all	1412	2	2260784	0.0000009
all	1416	1	2260784	0.0000004
all	1421	4	2260784	0.0000018
all	1425	2	2260784	0.0000009
all	1427	6	2260784	0.0000027
all	1428	2	2260784	0.0000009
all	1429	2	2260784	0.0000009
all	1430	4	2260784	0.0000018
all	1431	2	2260784	0.0000009
all	1433	2	2260784	0.0000009
all	1434	4	2260784	0.0000018
all	1435	4	2260784	0.0000018
all	1436	2	2260784	0.0000009
all	1437	10	2260784	0.0000044
all	1438	2	2260784	0.0000009
all	1439	2	2260784	0.0000009
all	1440	5	2260784	0.0000022
all	1441	2	2260784	0.0000009
all	1442	2	2260784	0.0000009
all	1443	2	2260784	0.0000009
all	1444	1	2260784	0.0000004
all	1445	4	2260784	0.0000018
all	1446	8	2260784	0.0000035
all	1447	2	2260784	0.0000009
all	1449	2	2260784	0.0000009
all	1451	1	2260784	0.0000004
all	1452	3	2260784	0.0000013
all	1453	2	2260784	0.0000009
all	1454	2	2260784	0.0000009
all	1455	3	2260784	0.0000013
all	1457	5	2260784	0.0000022
all	1459	11	2260784	0.0000049
all	1460	4	2260784	0.0000018
all	1463	2	2260784	0.0000009
all	1465	2	2260784	0.0000009
all	1468	2	2260784	0.0000009
all	1470	2	2260784	0.0000009
all	1471	8	2260784	0.0000035
all	1473	2	2260784	0.0000009
all	1474	2	2260784	0.0000009
all	1475	2	2260784	0.0000009
all	1476	2	2260784	0.0000009
all	1477	4	2260784	0.0000018
all	1478	2	2260784	0.0000009
all	1479	2	2260784	0.0000009
all	1481	4	2260784	0.0000018
all	1483	1	2260784	0.0000004
all	1484	4	2260784	0.0000018
all	1485	2	2260784	0.0000009
all	1486	2	2260784	0.0000009
all	1489	4	2260784	0.0000018
all	1491	2	2260784	0.0000009
all	1492	2	2260784	0.0000009
all	1493	3	2260784	0.0000013
all	1494	4	2260784	0.0000018
all	1496	2	2260784	0.0000009
all	1497	2	2260784	0.0000009
all	1499	2	2260784	0.0000009
all	1502	2	2260784	0.0000009
all	1503	2	2260784	0.0000009
all	1505	2	2260784	0.0000009
all	1506	4	2260784	0.0000018
all	1509	2	2260784	0.0000009
all	1512	3	2260784	0.0000013
all	1515	2	2260784	0.0000009
all	1516	2	2260784	0.0000009
all	1518	2	2260784	0.0000009
all	1521	1	2260784	0.0000004
all	1522	2	2260784	0.0000009
all	1523	5	2260784	0.0000022
all	1526	2	2260784	0.0000009
all	1529	5	2260784	0.0000022
all	1530	1	2260784	0.0000004
all	1531	2	2260784	0.0000009
all	1534	2	2260784	0.0000009
all	1538	2	2260784	0.0000009
all	1541	1	2260784	0.0000004
all	1550	2	2260784	0.0000009
all	1551	2	2260784	0.0000009
all	1557	2	2260784	0.0000009
all	1560	2	2260784	0.0000009
all	1564	2	2260784	0.0000009
all	1565	3	2260784	0.0000013
all	1572	4	2260784	0.0000018
all	1574	2	2260784	0.0000009
all	1578	2	2260784	0.0000009
all	1579	3	2260784	0.0000013
all	1580	2	2260784	0.0000009
all	1582	4	2260784	0.0000018
all	1584	2	2260784	0.0000009
all	1586	2	2260784	0.0000009
all	1587	2	2260784	0.0000009
all	1592	2	2260784	0.0000009
all	1596	2	2260784	0.0000009
all	1600	4	2260784	0.0000018
all	1605	2	2260784	0.0000009
all	1610	1	2260784	0.0000004
all	1612	2	2260784	0.0000009
all	1615	2	2260784	0.0000009
all	1617	2	2260784	0.0000009
all	1618	2	2260784	0.0000009
all	1627	2	2260784	0.0000009
all	1628	2	2260784	0.0000009
all	1632	4	2260784	0.0000018
all	1633	1	2260784	0.0000004
all	1636	2	2260784	0.0000009
all	1637	1	2260784	0.0000004
all	1640	2	2260784	0.0000009
all	1641	2	2260784	0.0000009
all	1645	2	2260784	0.0000009
all	1646	2	2260784	0.0000009
all	1653	2	2260784	0.0000009
all	1661	2	2260784	0.0000009
all	1662	2	2260784	0.0000009
all	1664	2	2260784	0.0000009
all	1672	2	2260784	0.0000009
all	1674	1	2260784	0.0000004
all	1685	2	2260784	0.0000009
all	1692	2	2260784	0.0000009
all	1696	3	2260784	0.0000013
all	1701	2	2260784	0.0000009
all	1705	2	2260784	0.0000009
all	1707	2	2260784	0.0000009
all	1708	2	2260784	0.0000009
all	1720	1	2260784	0.0000004
all	1721	2	2260784	0.0000009
all	1725	2	2260784	0.0000009
all	1730	1	2260784	0.0000004
all	1732	2	2260784	0.0000009
all	1739	1	2260784	0.0000004
all	1743	2	2260784	0.0000009
all	1753	1	2260784	0.0000004
all	1756	2	2260784	0.0000009
all	1760	1	2260784	0.0000004
all	1761	2	2260784	0.0000009
all	1779	1	2260784	0.0000004
all	1780	1	2260784	0.0000004
all	1782	2	2260784	0.0000009
all	1787	2	2260784	0.0000009
all	1788	1	2260784	0.0000004
all	1794	1	2260784	0.0000004
all	1795	1	2260784	0.0000004
all	1796	2	2260784	0.0000009
all	1798	2	2260784	0.0000009
all	1800	1	2260784	0.0000004
all	1801	2	2260784	0.0000009
all	1804	1	2260784	0.0000004
all	1810	2	2260784	0.0000009
all	1812	1	2260784	0.0000004
all	1834	2	2260784	0.0000009
all	1837	1	2260784	0.0000004
all	1838	1	2260784	0.0000004
all	1842	3	2260784	0.0000013
all	1844	2	2260784	0.0000009
all	1846	2	2260784	0.0000009
all	1848	2	2260784	0.0000009
all	1849	4	2260784	0.0000018
all	1850	1	2260784	0.0000004
all	1851	2	2260784	0.0000009
all	1853	2	2260784	0.0000009
all	1854	2	2260784	0.0000009
all	1857	2	2260784	0.0000009
all	1858	6	2260784	0.0000027
all	1860	3	2260784	0.0000013
all	1861	2	2260784	0.0000009
all	1862	2	2260784	0.0000009
all	1863	4	2260784	0.0000018
all	1870	2	2260784	0.0000009
all	1873	2	2260784	0.0000009
all	1874	4	2260784	0.0000018
all	1875	2	2260784	0.0000009
all	1876	2	2260784	0.0000009
all	1883	4	2260784	0.0000018
all	1884	2	2260784	0.0000009
all	1886	2	2260784	0.0000009
all	1891	3	2260784	0.0000013
all	1893	2	2260784	0.0000009
all	1895	6	2260784	0.0000027
all	1897	2	2260784	0.0000009
all	1898	2	2260784	0.0000009
all	1900	2	2260784	0.0000009
all	1901	2	2260784	0.0000009
all	1902	2	2260784	0.0000009
all	1904	2	2260784	0.0000009
all	1906	1	2260784	0.0000004
all	1907	1	2260784	0.0000004
all	1908	2	2260784	0.0000009
all	1909	2	2260784	0.0000009
all	1912	2	2260784	0.0000009
all	1917	10	2260784	0.0000044
all	1926	2	2260784	0.0000009
all	1927	2	2260784	0.0000009
all	1929	4	2260784	0.0000018
all	1930	2	2260784	0.0000009
all	1934	1	2260784	0.0000004
all	1935	2	2260784	0.0000009
all	1938	2	2260784	0.0000009
all	1943	4	2260784	0.0000018
all	1944	3	2260784	0.0000013
all	1948	2	2260784	0.0000009
all	1950	2	2260784	0.0000009
all	1955	4	2260784	0.0000018
all	1959	3	2260784	0.0000013
all	1969	3	2260784	0.0000013
all	1970	1	2260784	0.0000004
all	1971	2	2260784	0.0000009
all	1973	1	2260784	0.0000004
all	1975	2	2260784	0.0000009
all	1976	1	2260784	0.0000004
all	1977	4	2260784	0.0000018
all	1978	2	2260784	0.0000009
all	1979	2	2260784	0.0000009
all	1982	1	2260784	0.0000004
all	1984	2	2260784	0.0000009
all	1985	4	2260784	0.0000018
all	1986	6	2260784	0.0000027
all	1988	4	2260784	0.0000018
all	1995	2	2260784	0.0000009
all	1996	1	2260784	0.0000004
all	1998	2	2260784	0.0000009
all	1999	3	2260784	0.0000013
all	2000	2	2260784	0.0000009
all	2003	2	2260784	0.0000009
all	2005	5	2260784	0.0000022
all	2006	1	2260784	0.0000004
all	2010	2	2260784	0.0000009
all	2014	1	2260784	0.0000004
all	2015	1	2260784	0.0000004
all	2020	2	2260784	0.0000009
all	2025	2	2260784	0.0000009
all	2026	2	2260784	0.0000009
all	2030	2	2260784	0.0000009
all	2038	1	2260784	0.0000004
all	2040	2	2260784	0.0000009
all	2043	2	2260784	0.0000009
all	2046	3	2260784	0.0000013
all	2047	2	2260784	0.0000009
all	2049	2	2260784	0.0000009
all	2050	1	2260784	0.0000004
all	2055	2	2260784	0.0000009
all	2058	1	2260784	0.0000004
all	2060	1	2260784	0.0000004
all	2061	2	2260784	0.0000009
all	2064	1	2260784	0.0000004
all	2072	2	2260784	0.0000009
all	2074	2	2260784	0.0000009
all	2075	2	2260784	0.0000009
all	2076	2	2260784	0.0000009
all	2079	1	2260784	0.0000004
all	2090	2	2260784	0.0000009
all	2094	1	2260784	0.0000004
all	2098	2	2260784	0.0000009
all	2113	3	2260784	0.0000013
all	2121	1	2260784	0.0000004
all	2127	1	2260784	0.0000004
all	2133	2	2260784	0.0000009
all	2141	1	2260784	0.0000004
all	2147	1	2260784	0.0000004
all	2156	2	2260784	0.0000009
all	2157	2	2260784	0.0000009
all	2159	1	2260784	0.0000004
all	2161	1	2260784	0.0000004
all	2169	2	2260784	0.0000009
all	2170	1	2260784	0.0000004
all	2171	2	2260784	0.0000009
all	2174	2	2260784	0.0000009
all	2175	2	2260784	0.0000009
all	2180	1	2260784	0.0000004
all	2184	1	2260784	0.0000004
all	2185	2	2260784	0.0000009
all	2187	1	2260784	0.0000004
all	2190	1	2260784	0.0000004
all	2192	1	2260784	0.0000004
all	2193	1	2260784	0.0000004
all	2195	2	2260784	0.0000009
all	2196	1	2260784	0.0000004
all	2198	2	2260784	0.0000009
all	2199	1	2260784	0.0000004
all	2217	3	2260784	0.0000013
all	2218	1	2260784	0.0000004
all	2221	2	2260784	0.0000009
all	2230	2	2260784	0.0000009
all	2237	1	2260784	0.0000004
all	2239	1	2260784	0.0000004
all	2243	2	2260784	0.0000009
all	2248	2	2260784	0.0000009
all	2256	1	2260784	0.0000004
all	2259	1	2260784	0.0000004
all	2260	2	2260784	0.0000009
all	2265	1	2260784	0.0000004
all	2273	2	2260784	0.0000009
all	2278	1	2260784	0.0000004
all	2284	1	2260784	0.0000004
all	2292	2	2260784	0.0000009
all	2293	2	2260784	0.0000009
all	2306	2	2260784	0.0000009
all	2310	1	2260784	0.0000004
all	2319	2	2260784	0.0000009
all	2321	1	2260784	0.0000004
all	2324	2	2260784	0.0000009
all	2333	2	2260784	0.0000009
all	2334	1	2260784	0.0000004
all	2337	1	2260784	0.0000004
all	2339	1	2260784	0.0000004
all	2341	1	2260784	0.0000004
all	2342	1	2260784	0.0000004
all	2344	2	2260784	0.0000009
all	2348	1	2260784	0.0000004
all	2350	2	2260784	0.0000009
all	2356	1	2260784	0.0000004
all	2361	1	2260784	0.0000004
all	2362	1	2260784	0.0000004
all	2363	1	2260784	0.0000004
all	2365	1	2260784	0.0000004
all	2366	1	2260784	0.0000004
all	2367	2	2260784	0.0000009
all	2372	2	2260784	0.0000009
all	2373	1	2260784	0.0000004
all	2382	1	2260784	0.0000004
all	2390	1	2260784	0.0000004
all	2395	2	2260784	0.0000009
all	2399	1	2260784	0.0000004
all	2401	2	2260784	0.0000009
all	2404	1	2260784	0.0000004
all	2406	1	2260784	0.0000004
all	2411	6	2260784	0.0000027
all	2420	3	2260784	0.0000013
all	2423	2	2260784	0.0000009
all	2424	1	2260784	0.0000004
all	2432	1	2260784	0.0000004
all	2437	3	2260784	0.0000013
all	2441	1	2260784	0.0000004
all	2442	2	2260784	0.0000009
all	2443	1	2260784	0.0000004
all	2448	1	2260784	0.0000004
all	2457	1	2260784	0.0000004
all	2458	1	2260784	0.0000004
all	2462	2	2260784	0.0000009
all	2464	1	2260784	0.0000004
all	2465	1	2260784	0.0000004
all	2466	1	2260784	0.0000004
all	2468	3	2260784	0.0000013
all	2475	2	2260784	0.0000009
all	2476	1	2260784	0.0000004
all	2478	1	2260784	0.0000004
all	2483	2	2260784	0.0000009
all	2484	1	2260784	0.0000004
all	2494	1	2260784	0.0000004
all	2499	1	2260784	0.0000004
all	2502	2	2260784	0.0000009
all	2506	1	2260784	0.0000004
all	2521	2	2260784	0.0000009
all	2529	1	2260784	0.0000004
all	2531	1	2260784	0.0000004
all	2532	1	2260784	0.0000004
all	2536	2	2260784	0.0000009
all	2546	1	2260784	0.0000004
all	2552	2	2260784	0.0000009
all	2556	1	2260784	0.0000004
all	2557	1	2260784	0.0000004
all	2576	1	2260784	0.0000004
all	2586	3	2260784	0.0000013
all	2590	2	2260784	0.0000009
all	2591	1	2260784	0.0000004
all	2596	2	2260784	0.0000009
all	2600	1	2260784	0.0000004
all	2604	1	2260784	0.0000004
all	2606	1	2260784	0.0000004
all	2613	1	2260784	0.0000004
all	2619	4	2260784	0.0000018
all	2623	1	2260784	0.0000004
all	2626	1	2260784	0.0000004
all	2629	2	2260784	0.0000009
all	2630	1	2260784	0.0000004
all	2631	1	2260784	0.0000004
all	2644	1	2260784	0.0000004
all	2647	1	2260784	0.0000004
all	2649	1	2260784	0.0000004
all	2650	1	2260784	0.0000004
all	2659	1	2260784	0.0000004
all	2663	2	2260784	0.0000009
all	2664	1	2260784	0.0000004
all	2671	1	2260784	0.0000004
all	2672	1	2260784	0.0000004
all	2674	2	2260784	0.0000009
all	2676	1	2260784	0.0000004
all	2681	1	2260784	0.0000004
all	2693	1	2260784	0.0000004
all	2698	1	2260784	0.0000004
all	2699	2	2260784	0.0000009
all	2700	1	2260784	0.0000004
all	2702	1	2260784	0.0000004
all	2704	1	2260784	0.0000004
all	2705	1	2260784	0.0000004
all	2706	1	2260784	0.0000004
all	2707	1	2260784	0.0000004
all	2709	2	2260784	0.0000009
all	2710	1	2260784	0.0000004
all	2715	1	2260784	0.0000004
all	2716	1	2260784	0.0000004
all	2718	1	2260784	0.0000004
all	2721	1	2260784	0.0000004
all	2726	2	2260784	0.0000009
all	2728	1	2260784	0.0000004
all	2732	1	2260784	0.0000004
all	2733	1	2260784	0.0000004
all	2734	2	2260784	0.0000009
all	2735	2	2260784	0.0000009
all	2736	1	2260784	0.0000004
all	2739	1	2260784	0.0000004
all	2743	1	2260784	0.0000004
all	2744	1	2260784	0.0000004
all	2752	1	2260784	0.0000004
all	2753	1	2260784	0.0000004
all	2756	1	2260784	0.0000004
all	2759	1	2260784	0.0000004
all	2764	1	2260784	0.0000004
all	2767	1	2260784	0.0000004
all	2770	1	2260784	0.0000004
all	2773	2	2260784	0.0000009
all	2774	1	2260784	0.0000004
all	2775	1	2260784	0.0000004
all	2780	1	2260784	0.0000004
all	2782	1	2260784	0.0000004
all	2785	1	2260784	0.0000004
all	2789	3	2260784	0.0000013
all	2793	2	2260784	0.0000009
all	2798	1	2260784	0.0000004
all	2802	1	2260784	0.0000004
all	2807	2	2260784	0.0000009
all	2808	2	2260784	0.0000009
all	2812	2	2260784	0.0000009
all	2820	3	2260784	0.0000013
all	2822	1	2260784	0.0000004
all	2824	2	2260784	0.0000009
all	2827	2	2260784	0.0000009
all	2828	2	2260784	0.0000009
all	2833	1	2260784	0.0000004
all	2834	2	2260784	0.0000009
all	2835	1	2260784	0.0000004
all	2843	1	2260784	0.0000004
all	2846	1	2260784	0.0000004
all	2848	3	2260784	0.0000013
all	2851	1	2260784	0.0000004
all	2855	1	2260784	0.0000004
all	2857	1	2260784	0.0000004
all	2863	1	2260784	0.0000004
all	2865	1	2260784	0.0000004
all	2867	2	2260784	0.0000009
all	2870	1	2260784	0.0000004
all	2871	2	2260784	0.0000009
all	2873	1	2260784	0.0000004
all	2875	1	2260784	0.0000004
all	2884	1	2260784	0.0000004
all	2888	1	2260784	0.0000004
all	2890	2	2260784	0.0000009
all	2894	1	2260784	0.0000004
all	2897	2	2260784	0.0000009
all	2909	2	2260784	0.0000009
all	2910	2	2260784	0.0000009
all	2912	1	2260784	0.0000004
all	2918	1	2260784	0.0000004
all	2938	1	2260784	0.0000004
all	2940	4	2260784	0.0000018
all	2941	1	2260784	0.0000004
all	2942	2	2260784	0.0000009
all	2946	2	2260784	0.0000009
all	2948	1	2260784	0.0000004
all	2952	1	2260784	0.0000004
all	2953	1	2260784	0.0000004
all	2955	1	2260784	0.0000004
all	2958	1	2260784	0.0000004
all	2959	1	2260784	0.0000004
all	2960	2	2260784	0.0000009
all	2965	3	2260784	0.0000013
all	2966	3	2260784	0.0000013
all	2969	1	2260784	0.0000004
all	2970	2	2260784	0.0000009
all	2978	1	2260784	0.0000004
all	2981	1	2260784	0.0000004
all	2983	1	2260784	0.0000004
all	2984	1	2260784	0.0000004
all	2990	2	2260784	0.0000009
all	2993	1	2260784	0.0000004
all	3000	1	2260784	0.0000004
all	3002	1	2260784	0.0000004
all	3005	1	2260784	0.0000004
all	3006	1	2260784	0.0000004
all	3007	1	2260784	0.0000004
all	3012	1	2260784	0.0000004
all	3019	1	2260784	0.0000004
all	3023	1	2260784	0.0000004
all	3025	1	2260784	0.0000004
all	3030	2	2260784	0.0000009
all	3033	1	2260784	0.0000004
all	3039	1	2260784	0.0000004
all	3042	1	2260784	0.0000004
all	3045	2	2260784	0.0000009
all	3047	1	2260784	0.0000004
all	3051	2	2260784	0.0000009
all	3052	1	2260784	0.0000004
all	3055	1	2260784	0.0000004
all	3056	1	2260784	0.0000004
all	3057	1	2260784	0.0000004
all	3058	1	2260784	0.0000004
all	3064	1	2260784	0.0000004
all	3065	1	2260784	0.0000004
all	3066	1	2260784	0.0000004
all	3069	1	2260784	0.0000004
all	3073	1	2260784	0.0000004
all	3074	3	2260784	0.0000013
all	3081	2	2260784	0.0000009
all	3082	1	2260784	0.0000004
all	3084	1	2260784	0.0000004
all	3085	1	2260784	0.0000004
all	3090	2	2260784	0.0000009
all	3095	2	2260784	0.0000009
all	3096	2	2260784	0.0000009
all	3097	1	2260784	0.0000004
all	3098	1	2260784	0.0000004
all	3100	2	2260784	0.0000009
all	3101	1	2260784	0.0000004
all	3104	1	2260784	0.0000004
all	3108	2	2260784	0.0000009
all	3111	1	2260784	0.0000004
all	3114	1	2260784	0.0000004
all	3116	2	2260784	0.0000009
all	3119	1	2260784	0.0000004
all	3121	2	2260784	0.0000009
all	3122	1	2260784	0.0000004
all	3130	1	2260784	0.0000004
all	3132	1	2260784	0.0000004
all	3133	1	2260784	0.0000004
all	3142	1	2260784	0.0000004
all	3144	1	2260784	0.0000004
all	3145	2	2260784	0.0000009
all	3155	1	2260784	0.0000004
all	3157	1	2260784	0.0000004
all	3158	2	2260784	0.0000009
all	3161	3	2260784	0.0000013
all	3164	1	2260784	0.0000004
all	3166	2	2260784	0.0000009
all	3167	1	2260784	0.0000004
all	3174	2	2260784	0.0000009
all	3180	1	2260784	0.0000004
all	3186	1	2260784	0.0000004
all	3194	3	2260784	0.0000013
all	3198	1	2260784	0.0000004
all	3201	2	2260784	0.0000009
all	3203	2	2260784	0.0000009
all	3214	1	2260784	0.0000004
all	3215	1	2260784	0.0000004
all	3232	2	2260784	0.0000009
all	3237	1	2260784	0.0000004
all	3240	3	2260784	0.0000013
all	3246	1	2260784	0.0000004
all	3252	2	2260784	0.0000009
all	3268	1	2260784	0.0000004
all	3272	2	2260784	0.0000009
all	3278	1	2260784	0.0000004
all	3283	1	2260784	0.0000004
all	3287	2	2260784	0.0000009
all	3289	2	2260784	0.0000009
all	3293	1	2260784	0.0000004
all	3299	1	2260784	0.0000004
all	3302	1	2260784	0.0000004
all	3304	2	2260784	0.0000009
all	3317	1	2260784	0.0000004
all	3319	1	2260784	0.0000004
all	3321	1	2260784	0.0000004
all	3322	1	2260784	0.0000004
all	3324	2	2260784	0.0000009
all	3325	2	2260784	0.0000009
all	3328	1	2260784	0.0000004
all	3333	3	2260784	0.0000013
all	3334	1	2260784	0.0000004
all	3335	2	2260784	0.0000009
all	3336	1	2260784	0.0000004
all	3341	1	2260784	0.0000004
all	3343	2	2260784	0.0000009
all	3344	1	2260784	0.0000004
all	3345	2	2260784	0.0000009
all	3349	2	2260784	0.0000009
all	3355	1	2260784	0.0000004
all	3357	2	2260784	0.0000009
all	3358	1	2260784	0.0000004
all	3366	1	2260784	0.0000004
all	3367	2	2260784	0.0000009
all	3370	1	2260784	0.0000004
all	3371	1	2260784	0.0000004
all	3372	1	2260784	0.0000004
all	3375	1	2260784	0.0000004
all	3376	1	2260784	0.0000004
all	3379	1	2260784	0.0000004
all	3380	2	2260784	0.0000009
all	3381	1	2260784	0.0000004
all	3382	1	2260784	0.0000004
all	3390	5	2260784	0.0000022
all	3396	1	2260784	0.0000004
all	3397	1	2260784	0.0000004
all	3406	1	2260784	0.0000004
all	3411	1	2260784	0.0000004
all	3422	1	2260784	0.0000004
all	3423	1	2260784	0.0000004
all	3424	1	2260784	0.0000004
all	3425	1	2260784	0.0000004
all	3433	2	2260784	0.0000009
all	3434	1	2260784	0.0000004
all	3437	3	2260784	0.0000013
all	3438	1	2260784	0.0000004
all	3444	1	2260784	0.0000004
all	3447	1	2260784	0.0000004
all	3450	1	2260784	0.0000004
all	3451	1	2260784	0.0000004
all	3454	1	2260784	0.0000004
all	3459	1	2260784	0.0000004
all	3461	1	2260784	0.0000004
all	3468	1	2260784	0.0000004
all	3472	2	2260784	0.0000009
all	3475	1	2260784	0.0000004
all	3479	1	2260784	0.0000004
all	3480	2	2260784	0.0000009
all	3492	2	2260784	0.0000009
all	3493	2	2260784	0.0000009
all	3495	2	2260784	0.0000009
all	3498	1	2260784	0.0000004
all	3503	1	2260784	0.0000004
all	3506	2	2260784	0.0000009
all	3521	2	2260784	0.0000009
all	3525	1	2260784	0.0000004
all	3530	1	2260784	0.0000004
all	3539	2	2260784	0.0000009
all	3561	2	2260784	0.0000009
all	3582	2	2260784	0.0000009
all	3586	2	2260784	0.0000009
all	3588	2	2260784	0.0000009
all	3595	2	2260784	0.0000009
all	3602	1	2260784	0.0000004
all	3604	2	2260784	0.0000009
all	3618	2	2260784	0.0000009
all	3631	2	2260784	0.0000009
all	3634	2	2260784	0.0000009
all	3642	2	2260784	0.0000009
all	3643	2	2260784	0.0000009
all	3645	2	2260784	0.0000009
all	3649	2	2260784	0.0000009
all	3650	2	2260784	0.0000009
all	3651	1	2260784	0.0000004
all	3653	2	2260784	0.0000009
all	3657	2	2260784	0.0000009
all	3658	2	2260784	0.0000009
all	3659	2	2260784	0.0000009
all	3666	2	2260784	0.0000009
all	3669	1	2260784	0.0000004
all	3672	2	2260784	0.0000009
all	3675	2	2260784	0.0000009
all	3680	2	2260784	0.0000009
all	3690	1	2260784	0.0000004
all	3691	2	2260784	0.0000009
all	3696	2	2260784	0.0000009
all	3703	1	2260784	0.0000004
all	3712	2	2260784	0.0000009
all	3720	2	2260784	0.0000009
all	3727	3	2260784	0.0000013
all	3729	2	2260784	0.0000009
all	3733	2	2260784	0.0000009
all	3737	1	2260784	0.0000004
all	3739	2	2260784	0.0000009
all	3742	1	2260784	0.0000004
all	3743	1	2260784	0.0000004
all	3744	1	2260784	0.0000004
all	3745	1	2260784	0.0000004
all	3747	2	2260784	0.0000009
all	3748	4	2260784	0.0000018
all	3751	1	2260784	0.0000004
all	3753	1	2260784	0.0000004
all	3755	2	2260784	0.0000009
all	3760	1	2260784	0.0000004
all	3762	2	2260784	0.0000009
all	3763	1	2260784	0.0000004
all	3765	2	2260784	0.0000009
all	3766	1	2260784	0.0000004
all	3767	2	2260784	0.0000009
all	3769	1	2260784	0.0000004
all	3772	2	2260784	0.0000009
all	3774	1	2260784	0.0000004
all	3776	2	2260784	0.0000009
all	3780	1	2260784	0.0000004
all	3782	1	2260784	0.0000004
all	3783	2	2260784	0.0000009
all	3784	3	2260784	0.0000013
all	3790	2	2260784	0.0000009
all	3797	1	2260784	0.0000004
all	3799	2	2260784	0.0000009
all	3805	2	2260784	0.0000009
all	3812	1	2260784	0.0000004
all	3816	1	2260784	0.0000004
all	3827	1	2260784	0.0000004
all	3832	4	2260784	0.0000018
all	3833	2	2260784	0.0000009
all	3839	1	2260784	0.0000004
all	3843	4	2260784	0.0000018
all	3845	2	2260784	0.0000009
all	3846	1	2260784	0.0000004
all	3847	4	2260784	0.0000018
all	3848	1	2260784	0.0000004
all	3852	2	2260784	0.0000009
all	3857	3	2260784	0.0000013
all	3862	2	2260784	0.0000009
all	3866	2	2260784	0.0000009
all	3869	2	2260784	0.0000009
all	3875	2	2260784	0.0000009
all	3879	2	2260784	0.0000009
all	3880	1	2260784	0.0000004
all	3881	2	2260784	0.0000009
all	3885	2	2260784	0.0000009
all	3888	2	2260784	0.0000009
all	3890	4	2260784	0.0000018
all	3891	2	2260784	0.0000009
all	3892	2	2260784	0.0000009
all	3896	2	2260784	0.0000009
all	3898	4	2260784	0.0000018
all	3900	2	2260784	0.0000009
all	3903	2	2260784	0.0000009
all	3914	1	2260784	0.0000004
all	3915	2	2260784	0.0000009
all	3938	2	2260784	0.0000009
all	3940	2	2260784	0.0000009
all	3942	2	2260784	0.0000009
all	3951	2	2260784	0.0000009
all	3965	1	2260784	0.0000004
all	3984	2	2260784	0.0000009
all	3992	1	2260784	0.0000004
all	4009	2	2260784	0.0000009
all	4010	2	2260784	0.0000009
all	4014	1	2260784	0.0000004
all	4019	4	2260784	0.0000018
all	4021	2	2260784	0.0000009
all	4035	2	2260784	0.0000009
all	4043	2	2260784	0.0000009
all	4057	2	2260784	0.0000009
all	4060	2	2260784	0.0000009
all	4063	1	2260784	0.0000004
all	4068	2	2260784	0.0000009
all	4072	2	2260784	0.0000009
all	4074	2	2260784	0.0000009
all	4077	2	2260784	0.0000009
all	4080	2	2260784	0.0000009
all	4081	2	2260784	0.0000009
all	4087	2	2260784	0.0000009
all	4092	2	2260784	0.0000009
all	4093	1	2260784	0.0000004
all	4114	1	2260784	0.0000004
all	4119	2	2260784	0.0000009
all	4126	2	2260784	0.0000009
all	4129	2	2260784	0.0000009
all	4130	2	2260784	0.0000009
all	4134	4	2260784	0.0000018
all	4137	1	2260784	0.0000004
all	4145	2	2260784	0.0000009
all	4162	2	2260784	0.0000009
all	4164	2	2260784	0.0000009
all	4168	2	2260784	0.0000009
all	4186	2	2260784	0.0000009
all	4197	1	2260784	0.0000004
all	4204	2	2260784	0.0000009
all	4209	2	2260784	0.0000009
all	4214	2	2260784	0.0000009
all	4225	2	2260784	0.0000009
all	4229	2	2260784	0.0000009
all	4237	2	2260784	0.0000009
all	4251	2	2260784	0.0000009
all	4276	2	2260784	0.0000009
all	4281	2	2260784	0.0000009
all	4285	2	2260784	0.0000009
all	4287	2	2260784	0.0000009
all	4289	2	2260784	0.0000009
all	4296	2	2260784	0.0000009
all	4301	4	2260784	0.0000018
all	4305	2	2260784	0.0000009
all	4307	2	2260784	0.0000009
all	4309	2	2260784	0.0000009
all	4313	2	2260784	0.0000009
all	4315	2	2260784	0.0000009
all	4318	1	2260784	0.0000004
all	4324	2	2260784	0.0000009
all	4328	2	2260784	0.0000009
all	4331	2	2260784	0.0000009
all	4340	2	2260784	0.0000009
all	4348	2	2260784	0.0000009
all	4360	2	2260784	0.0000009
all	4361	1	2260784	0.0000004
all	4370	2	2260784	0.0000009
all	4372	5	2260784	0.0000022
all	4373	2	2260784	0.0000009
all	4375	2	2260784	0.0000009
all	4376	2	2260784	0.0000009
all	4378	2	2260784	0.0000009
all	4384	2	2260784	0.0000009
all	4389	2	2260784	0.0000009
all	4390	1	2260784	0.0000004
all	4392	1	2260784	0.0000004
all	4394	4	2260784	0.0000018
all	4400	2	2260784	0.0000009
all	4402	2	2260784	0.0000009
all	4404	4	2260784	0.0000018
all	4407	1	2260784	0.0000004
all	4408	2	2260784	0.0000009
all	4410	2	2260784	0.0000009
all	4411	4	2260784	0.0000018
all	4414	4	2260784	0.0000018
all	4416	2	2260784	0.0000009
all	4418	1	2260784	0.0000004
all	4419	2	2260784	0.0000009
all	4421	2	2260784	0.0000009
all	4423	2	2260784	0.0000009
all	4429	2	2260784	0.0000009
all	4432	2	2260784	0.0000009
all	4434	2	2260784	0.0000009
all	4435	2	2260784	0.0000009
all	4436	2	2260784	0.0000009
all	4438	4	2260784	0.0000018
all	4440	2	2260784	0.0000009
all	4442	2	2260784	0.0000009
all	4443	2	2260784	0.0000009
all	4448	2	2260784	0.0000009
all	4449	4	2260784	0.0000018
all	4451	1	2260784	0.0000004
all	4455	2	2260784	0.0000009
all	4461	2	2260784	0.0000009
all	4462	1	2260784	0.0000004
all	4466	2	2260784	0.0000009
all	4469	4	2260784	0.0000018
all	4471	2	2260784	0.0000009
all	4472	2	2260784	0.0000009
all	4475	2	2260784	0.0000009
all	4479	4	2260784	0.0000018
all	4480	2	2260784	0.0000009
all	4484	4	2260784	0.0000018
all	4485	2	2260784	0.0000009
all	4488	6	2260784	0.0000027
all	4491	2	2260784	0.0000009
all	4495	2	2260784	0.0000009
all	4496	4	2260784	0.0000018
all	4500	2	2260784	0.0000009
all	4505	4	2260784	0.0000018
all	4506	2	2260784	0.0000009
all	4509	4	2260784	0.0000018
all	4516	4	2260784	0.0000018
all	4517	2	2260784	0.0000009
all	4518	6	2260784	0.0000027
all	4521	2	2260784	0.0000009
all	4530	2	2260784	0.0000009
all	4535	2	2260784	0.0000009
all	4536	2	2260784	0.0000009
all	4539	4	2260784	0.0000018
all	4541	4	2260784	0.0000018
all	4542	2	2260784	0.0000009
all	4543	2	2260784	0.0000009
all	4544	2	2260784	0.0000009
all	4548	4	2260784	0.0000018
all	4550	2	2260784	0.0000009
all	4553	2	2260784	0.0000009
all	4554	2	2260784	0.0000009
all	4555	2	2260784	0.0000009
all	4556	2	2260784	0.0000009
all	4559	4	2260784	0.0000018
all	4560	4	2260784	0.0000018
all	4567	2	2260784	0.0000009
all	4569	4	2260784	0.0000018
all	4570	2	2260784	0.0000009
all	4571	2	2260784	0.0000009
all	4573	2	2260784	0.0000009
all	4576	4	2260784	0.0000018
all	4578	2	2260784	0.0000009
all	4579	2	2260784	0.0000009
all	4580	4	2260784	0.0000018
all	4581	6	2260784	0.0000027
all	4582	2	2260784	0.0000009
all	4583	6	2260784	0.0000027
all	4584	2	2260784	0.0000009
all	4585	2	2260784	0.0000009
all	4586	2	2260784	0.0000009
all	4588	2	2260784	0.0000009
all	4590	4	2260784	0.0000018
all	4591	2	2260784	0.0000009
all	4592	4	2260784	0.0000018
all	4595	2	2260784	0.0000009
all	4597	2	2260784	0.0000009
all	4598	2	2260784	0.0000009
all	4601	2	2260784	0.0000009
all	4602	2	2260784	0.0000009
all	4603	2	2260784	0.0000009
all	4604	4	2260784	0.0000018
all	4605	4	2260784	0.0000018
all	4609	2	2260784	0.0000009
all	4610	1	2260784	0.0000004
all	4612	2	2260784	0.0000009
all	4615	2	2260784	0.0000009
all	4618	2	2260784	0.0000009
all	4620	2	2260784	0.0000009
all	4621	3	2260784	0.0000013
all	4623	6	2260784	0.0000027
all	4624	1	2260784	0.0000004
all	4626	2	2260784	0.0000009
all	4627	2	2260784	0.0000009
all	4629	2	2260784	0.0000009
all	4633	2	2260784	0.0000009
all	4635	2	2260784	0.0000009
all	4637	1	2260784	0.0000004
all	4640	4	2260784	0.0000018
all	4641	2	2260784	0.0000009
all	4642	2	2260784	0.0000009
all	4645	2	2260784	0.0000009
all	4649	2	2260784	0.0000009
all	4654	4	2260784	0.0000018
all	4657	4	2260784	0.0000018
all	4664	2	2260784	0.0000009
all	4665	2	2260784	0.0000009
all	4666	2	2260784	0.0000009
all	4668	2	2260784	0.0000009
all	4670	2	2260784	0.0000009
all	4672	4	2260784	0.0000018
all	4675	2	2260784	0.0000009
all	4676	2	2260784	0.0000009
all	4677	2	2260784	0.0000009
all	4678	2	2260784	0.0000009
all	4682	3	2260784	0.0000013
all	4683	6	2260784	0.0000027
all	4684	4	2260784	0.0000018
all	4686	2	2260784	0.0000009
all	4690	2	2260784	0.0000009
all	4693	1	2260784	0.0000004
all	4695	2	2260784	0.0000009
all	4697	2	2260784	0.0000009
all	4700	2	2260784	0.0000009
all	4701	4	2260784	0.0000018
all	4702	2	2260784	0.0000009
all	4704	7	2260784	0.0000031
all	4705	2	2260784	0.0000009
all	4706	4	2260784	0.0000018
all	4714	1	2260784	0.0000004
all	4717	1	2260784	0.0000004
all	4719	3	2260784	0.0000013
all	4720	2	2260784	0.0000009
all	4726	2	2260784	0.0000009
all	4729	2	2260784	0.0000009
all	4739	2	2260784	0.0000009
all	4740	4	2260784	0.0000018
all	4746	2	2260784	0.0000009
all	4748	2	2260784	0.0000009
all	4750	4	2260784	0.0000018
all	4753	3	2260784	0.0000013
all	4761	2	2260784	0.0000009
all	4762	2	2260784	0.0000009
all	4765	4	2260784	0.0000018
all	4768	2	2260784	0.0000009
all	4769	2	2260784	0.0000009
all	4774	2	2260784	0.0000009
all	4786	2	2260784	0.0000009
all	4789	2	2260784	0.0000009
all	4790	2	2260784	0.0000009
all	4795	1	2260784	0.0000004
all	4801	2	2260784	0.0000009
all	4803	2	2260784	0.0000009
all	4814	2	2260784	0.0000009
all	4815	2	2260784	0.0000009
all	4828	2	2260784	0.0000009
all	4839	2	2260784	0.0000009
all	4850	1	2260784	0.0000004
all	4851	2	2260784	0.0000009
all	4860	2	2260784	0.0000009
all	4869	2	2260784	0.0000009
all	4871	2	2260784	0.0000009
all	4875	1	2260784	0.0000004
all	4877	2	2260784	0.0000009
all	4881	2	2260784	0.0000009
all	4884	2	2260784	0.0000009
all	4898	2	2260784	0.0000009
all	4900	4	2260784	0.0000018
all	4908	1	2260784	0.0000004
all	4910	1	2260784	0.0000004
all	4912	2	2260784	0.0000009
all	4924	1	2260784	0.0000004
all	4938	2	2260784	0.0000009
all	4945	2	2260784	0.0000009
all	4946	2	2260784	0.0000009
all	4977	2	2260784	0.0000009
all	4992	2	2260784	0.0000009
all	4993	2	2260784	0.0000009
all	4999	2	2260784	0.0000009
all	5002	2	2260784	0.0000009
all	5015	2	2260784	0.0000009
all	5026	2	2260784	0.0000009
all	5028	2	2260784	0.0000009
all	5029	2	2260784	0.0000009
all	5035	2	2260784	0.0000009
all	5040	2	2260784	0.0000009
all	5045	6	2260784	0.0000027
all	5046	4	2260784	0.0000018
all	5049	2	2260784	0.0000009
all	5054	2	2260784	0.0000009
all	5074	4	2260784	0.0000018
all	5076	2	2260784	0.0000009
all	5082	2	2260784	0.0000009
all	5099	2	2260784	0.0000009
all	5104	2	2260784	0.0000009
all	5105	2	2260784	0.0000009
all	5121	2	2260784	0.0000009
all	5125	2	2260784	0.0000009
all	5134	1	2260784	0.0000004
all	5141	2	2260784	0.0000009
all	5144	4	2260784	0.0000018
all	5166	2	2260784	0.0000009
all	5174	2	2260784	0.0000009
all	5182	2	2260784	0.0000009
all	5207	4	2260784	0.0000018
all	5212	2	2260784	0.0000009
all	5216	2	2260784	0.0000009
all	5218	2	2260784	0.0000009
all	5220	4	2260784	0.0000018
all	5231	2	2260784	0.0000009
all	5234	2	2260784	0.0000009
all	5245	4	2260784	0.0000018
all	5246	2	2260784	0.0000009
all	5248	2	2260784	0.0000009
all	5249	2	2260784	0.0000009
all	5254	4	2260784	0.0000018
all	5259	2	2260784	0.0000009
all	5267	2	2260784	0.0000009
all	5272	1	2260784	0.0000004
all	5273	2	2260784	0.0000009
all	5282	2	2260784	0.0000009
all	5311	2	2260784	0.0000009
all	5316	2	2260784	0.0000009
all	5319	2	2260784	0.0000009
all	5321	2	2260784	0.0000009
all	5353	2	2260784	0.0000009
all	5355	1	2260784	0.0000004
all	5357	2	2260784	0.0000009
all	5371	2	2260784	0.0000009
all	5374	2	2260784	0.0000009
all	5385	2	2260784	0.0000009
all	5386	2	2260784	0.0000009
all	5406	1	2260784	0.0000004
all	5408	2	2260784	0.0000009
all	5416	2	2260784	0.0000009
all	5442	2	2260784	0.0000009
all	5459	1	2260784	0.0000004
all	5485	2	2260784	0.0000009
all	5503	2	2260784	0.0000009
all	5504	1	2260784	0.0000004
all	5529	1	2260784	0.0000004
all	5563	1	2260784	0.0000004
all	5566	1	2260784	0.0000004
all	5591	1	2260784	0.0000004
all	5592	1	2260784	0.0000004
all	5619	2	2260784	0.0000009
all	5629	1	2260784	0.0000004
all	5637	2	2260784	0.0000009
all	5659	1	2260784	0.0000004
all	5661	1	2260784	0.0000004
all	5663	2	2260784	0.0000009
all	5680	2	2260784	0.0000009
all	5701	1	2260784	0.0000004
all	5708	1	2260784	0.0000004
all	5743	2	2260784	0.0000009
all	5759	1	2260784	0.0000004
all	5783	1	2260784	0.0000004
all	5797	2	2260784	0.0000009
all	5820	2	2260784	0.0000009
all	5823	1	2260784	0.0000004
all	5833	2	2260784	0.0000009
all	5863	1	2260784	0.0000004
all	5875	2	2260784	0.0000009
all	5881	1	2260784	0.0000004
all	5894	2	2260784	0.0000009
all	5904	2	2260784	0.0000009
all	5905	1	2260784	0.0000004
all	5912	1	2260784	0.0000004
all	5916	2	2260784	0.0000009
all	5920	1	2260784	0.0000004
all	5925	2	2260784	0.0000009
all	5943	2	2260784	0.0000009
all	5963	2	2260784	0.0000009
all	5969	1	2260784	0.0000004
all	5991	2	2260784	0.0000009
all	5999	2	2260784	0.0000009
all	6007	1	2260784	0.0000004
all	6011	2	2260784	0.0000009
all	6063	1	2260784	0.0000004
all	6066	2	2260784	0.0000009
all	6074	2	2260784	0.0000009
all	6108	1	2260784	0.0000004
all	6117	2	2260784	0.0000009
all	6119	2	2260784	0.0000009
all	6165	2	2260784	0.0000009
all	6173	2	2260784	0.0000009
all	6182	2	2260784	0.0000009
all	6194	2	2260784	0.0000009
all	6208	2	2260784	0.0000009
all	6221	2	2260784	0.0000009
all	6248	2	2260784	0.0000009
all	6258	2	2260784	0.0000009
all	6261	2	2260784	0.0000009
all	6262	2	2260784	0.0000009
all	6265	2	2260784	0.0000009
all	6266	2	2260784	0.0000009
all	6267	2	2260784	0.0000009
all	6268	2	2260784	0.0000009
all	6278	2	2260784	0.0000009
all	6280	2	2260784	0.0000009
all	6287	2	2260784	0.0000009
all	6288	2	2260784	0.0000009
all	6294	2	2260784	0.0000009
all	6296	2	2260784	0.0000009
all	6297	2	2260784	0.0000009
all	6311	2	2260784	0.0000009
all	6312	2	2260784	0.0000009
all	6314	2	2260784	0.0000009
all	6315	2	2260784	0.0000009
all	6322	2	2260784	0.0000009
all	6335	2	2260784	0.0000009
all	6355	2	2260784	0.0000009
all	6361	2	2260784	0.0000009
all	6372	2	2260784	0.0000009
all	6379	2	2260784	0.0000009
all	6382	2	2260784	0.0000009
all	6390	2	2260784	0.0000009
all	6402	2	2260784	0.0000009
all	6415	2	2260784	0.0000009
all	6420	2	2260784	0.0000009
all	6428	2	2260784	0.0000009
all	6447	2	2260784	0.0000009
all	6476	2	2260784	0.0000009
all	6478	2	2260784	0.0000009
all	6479	2	2260784	0.0000009
all	6509	2	2260784	0.0000009
all	6512	2	2260784	0.0000009
all	6522	2	2260784	0.0000009
all	6523	2	2260784	0.0000009
all	6524	2	2260784	0.0000009
all	6537	2	2260784	0.0000009
all	6542	2	2260784	0.0000009
all	6558	2	2260784	0.0000009
all	6574	4	2260784	0.0000018
all	6591	2	2260784	0.0000009
all	6594	2	2260784	0.0000009
all	6595	2	2260784	0.0000009
all	6613	2	2260784	0.0000009
all	6614	2	2260784	0.0000009
all	6619	4	2260784	0.0000018
all	6621	2	2260784	0.0000009
all	6633	2	2260784	0.0000009
all	6637	2	2260784	0.0000009
all	6638	2	2260784	0.0000009
all	6654	4	2260784	0.0000018
all	6689	2	2260784	0.0000009
all	6691	2	2260784	0.0000009
all	6698	2	2260784	0.0000009
all	6699	2	2260784	0.0000009
all	6703	2	2260784	0.0000009
all	6728	2	2260784	0.0000009
all	6730	4	2260784	0.0000018
all	6731	2	2260784	0.0000009
all	6744	2	2260784	0.0000009
all	6756	2	2260784	0.0000009
all	6757	2	2260784	0.0000009
all	6767	2	2260784	0.0000009
all	6774	2	2260784	0.0000009
all	6792	2	2260784	0.0000009
all	6798	2	2260784	0.0000009
all	6805	2	2260784	0.0000009
all	6818	2	2260784	0.0000009
all	6826	2	2260784	0.0000009
all	6837	3	2260784	0.0000013
all	6838	2	2260784	0.0000009
all	6850	1	2260784	0.0000004
all	6864	2	2260784	0.0000009
all	6874	2	2260784	0.0000009
all	6879	2	2260784	0.0000009
all	6887	1	2260784	0.0000004
all	6898	2	2260784	0.0000009
all	6905	2	2260784	0.0000009
all	6911	2	2260784	0.0000009
all	6917	2	2260784	0.0000009
all	6918	1	2260784	0.0000004
all	6927	2	2260784	0.0000009
all	6931	2	2260784	0.0000009
all	6950	2	2260784	0.0000009
all	6960	4	2260784	0.0000018
all	6967	2	2260784	0.0000009
all	7018	2	2260784	0.0000009
all	7020	2	2260784	0.0000009
all	7023	2	2260784	0.0000009
all	7060	2	2260784	0.0000009
all	7064	2	2260784	0.0000009
all	7116	2	2260784	0.0000009
all	7140	2	2260784	0.0000009
all	7163	2	2260784	0.0000009
all	7169	2	2260784	0.0000009
all	7199	2	2260784	0.0000009
all	7203	2	2260784	0.0000009
all	7209	2	2260784	0.0000009
all	7212	2	2260784	0.0000009
all	7237	2	2260784	0.0000009
all	7241	2	2260784	0.0000009
all	7246	2	2260784	0.0000009
all	7277	2	2260784	0.0000009
all	7283	2	2260784	0.0000009
all	7296	2	2260784	0.0000009
all	7308	2	2260784	0.0000009
all	7311	2	2260784	0.0000009
all	7333	2	2260784	0.0000009
all	7350	2	2260784	0.0000009
all	7366	2	2260784	0.0000009
all	7380	2	2260784	0.0000009
all	7405	2	2260784	0.0000009
