all	0	171613	2260784	0.0759086
all	1	34705	2260784	0.0153509
all	2	28115	2260784	0.0124360
all	3	23504	2260784	0.0103964
all	4	21331	2260784	0.0094352
all	5	18505	2260784	0.0081852
all	6	16803	2260784	0.0074324
all	7	15897	2260784	0.0070316
all	8	14163	2260784	0.0062646
all	9	14378	2260784	0.0063597
all	10	12716	2260784	0.0056246
all	11	13152	2260784	0.0058175
all	12	11969	2260784	0.0052942
all	13	12136	2260784	0.0053680
all	14	11554	2260784	0.0051106
all	15	11564	2260784	0.0051150
all	16	12220	2260784	0.0054052
all	17	11028	2260784	0.0048780
all	18	11004	2260784	0.0048673
all	19	10469	2260784	0.0046307
all	20	10758	2260784	0.0047585
all	21	10153	2260784	0.0044909
all	22	9379	2260784	0.0041486
all	23	9509	2260784	0.0042061
all	24	9551	2260784	0.0042246
all	25	9461	2260784	0.0041848
all	26	9060	2260784	0.0040075
all	27	8794	2260784	0.0038898
all	28	9219	2260784	0.0040778
all	29	8684	2260784	0.0038411
all	30	8521	2260784	0.0037690
all	31	8594	2260784	0.0038013
all	32	8875	2260784	0.0039256
all	33	8583	2260784	0.0037965
all	34	8694	2260784	0.0038456
all	35	8366	2260784	0.0037005
all	36	8539	2260784	0.0037770
all	37	8495	2260784	0.0037575
all	38	8549	2260784	0.0037814
all	39	8230	2260784	0.0036403
all	40	7839	2260784	0.0034674
all	41	7834	2260784	0.0034652
all	42	7458	2260784	0.0032989
all	43	7844	2260784	0.0034696
all	44	7622	2260784	0.0033714
all	45	7094	2260784	0.0031378
all	46	7540	2260784	0.0033351
all	47	7134	2260784	0.0031555
all	48	7421	2260784	0.0032825
all	49	7069	2260784	0.0031268
all	50	7359	2260784	0.0032551
all	51	7343	2260784	0.0032480
all	52	7043	2260784	0.0031153
all	53	6917	2260784	0.0030596
all	54	6802	2260784	0.0030087
all	55	6760	2260784	0.0029901
all	56	6848	2260784	0.0030290
all	57	6876	2260784	0.0030414
all	58	6632	2260784	0.0029335
all	59	7029	2260784	0.0031091
all	60	6413	2260784	0.0028366
all	61	6625	2260784	0.0029304
all	62	6753	2260784	0.0029870
all	63	6560	2260784	0.0029016
all	64	6353	2260784	0.0028101
all	65	6704	2260784	0.0029653
all	66	6538	2260784	0.0028919
all	67	6542	2260784	0.0028937
all	68	6459	2260784	0.0028570
all	69	6209	2260784	0.0027464
all	70	6163	2260784	0.0027260
all	71	6359	2260784	0.0028127
all	72	6230	2260784	0.0027557
all	73	6252	2260784	0.0027654
all	74	6416	2260784	0.0028380
all	75	6355	2260784	0.0028110
all	76	6117	2260784	0.0027057
all	77	5825	2260784	0.0025765
all	78	6272	2260784	0.0027743
all	79	6218	2260784	0.0027504
all	80	6123	2260784	0.0027084
all	81	5856	2260784	0.0025903
all	82	5993	2260784	0.0026509
all	83	6170	2260784	0.0027291
all	84	6458	2260784	0.0028565
all	85	6355	2260784	0.0028110
all	86	6267	2260784	0.0027720
all	87	6465	2260784	0.0028596
all	88	6188	2260784	0.0027371
all	89	6188	2260784	0.0027371
all	90	6247	2260784	0.0027632
all	91	6023	2260784	0.0026641
all	92	5976	2260784	0.0026433
all	93	5995	2260784	0.0026517
all	94	5819	2260784	0.0025739
all	95	5970	2260784	0.0026407
all	96	6035	2260784	0.0026694
all	97	5883	2260784	0.0026022
all	98	5891	2260784	0.0026057
all	99	5504	2260784	0.0024346
all	100	5589	2260784	0.0024722
all	101	5850	2260784	0.0025876
all	102	5557	2260784	0.0024580
all	103	5590	2260784	0.0024726
all	104	5579	2260784	0.0024677
all	105	5467	2260784	0.0024182
all	106	5491	2260784	0.0024288
all	107	5302	2260784	0.0023452
all	108	5360	2260784	0.0023709
all	109	5279	2260784	0.0023350
all	110	5447	2260784	0.0024093
all	111	5267	2260784	0.0023297
all	112	5424	2260784	0.0023992
all	113	5554	2260784	0.0024567
all	114	5210	2260784	0.0023045
all	115	5397	2260784	0.0023872
all	116	5419	2260784	0.0023970
all	117	5599	2260784	0.0024766
all	118	5455	2260784	0.0024129
all	119	5254	2260784	0.0023240
all	120	5370	2260784	0.0023753
all	121	5169	2260784	0.0022864
all	122	5210	2260784	0.0023045
all	123	5130	2260784	0.0022691
all	124	4986	2260784	0.0022054
all	125	5124	2260784	0.0022665
all	126	4996	2260784	0.0022099
all	127	4850	2260784	0.0021453
all	128	4977	2260784	0.0022014
all	129	5031	2260784	0.0022253
all	130	5053	2260784	0.0022351
all	131	4791	2260784	0.0021192
all	132	4626	2260784	0.0020462
all	133	4603	2260784	0.0020360
all	134	4755	2260784	0.0021033
all	135	4557	2260784	0.0020157
all	136	4745	2260784	0.0020988
all	137	4798	2260784	0.0021223
all	138	4727	2260784	0.0020909
all	139	4622	2260784	0.0020444
all	140	4646	2260784	0.0020550
all	141	4656	2260784	0.0020595
all	142	4595	2260784	0.0020325
all	143	4570	2260784	0.0020214
all	144	4620	2260784	0.0020435
all	145	4692	2260784	0.0020754
all	146	4742	2260784	0.0020975
all	147	4610	2260784	0.0020391
all	148	4544	2260784	0.0020099
all	149	4434	2260784	0.0019613
all	150	4459	2260784	0.0019723
all	151	4564	2260784	0.0020188
all	152	4658	2260784	0.0020603
all	153	4441	2260784	0.0019644
all	154	4292	2260784	0.0018985
all	155	4349	2260784	0.0019237
all	156	4491	2260784	0.0019865
all	157	4336	2260784	0.0019179
all	158	4429	2260784	0.0019591
all	159	4372	2260784	0.0019338
all	160	4560	2260784	0.0020170
all	161	4530	2260784	0.0020037
all	162	4347	2260784	0.0019228
all	163	4475	2260784	0.0019794
all	164	4424	2260784	0.0019568
all	165	4567	2260784	0.0020201
all	166	4553	2260784	0.0020139
all	167	4327	2260784	0.0019139
all	168	4423	2260784	0.0019564
all	169	4409	2260784	0.0019502
all	170	4488	2260784	0.0019852
all	171	4279	2260784	0.0018927
all	172	4503	2260784	0.0019918
all	173	4297	2260784	0.0019007
all	174	4504	2260784	0.0019922
all	175	4315	2260784	0.0019086
all	176	4082	2260784	0.0018056
all	177	4235	2260784	0.0018732
all	178	4132	2260784	0.0018277
all	179	4143	2260784	0.0018326
all	180	4349	2260784	0.0019237
all	181	4244	2260784	0.0018772
all	182	4240	2260784	0.0018755
all	183	4261	2260784	0.0018847
all	184	4260	2260784	0.0018843
all	185	4015	2260784	0.0017759
all	186	4109	2260784	0.0018175
all	187	3992	2260784	0.0017658
all	188	3945	2260784	0.0017450
all	189	3969	2260784	0.0017556
all	190	3986	2260784	0.0017631
all	191	3922	2260784	0.0017348
all	192	3862	2260784	0.0017083
all	193	4022	2260784	0.0017790
all	194	3764	2260784	0.0016649
all	195	3984	2260784	0.0017622
all	196	4007	2260784	0.0017724
all	197	3923	2260784	0.0017352
all	198	3998	2260784	0.0017684
all	199	3789	2260784	0.0016760
all	200	3777	2260784	0.0016707
all	201	3764	2260784	0.0016649
all	202	3794	2260784	0.0016782
all	203	3770	2260784	0.0016676
all	204	3590	2260784	0.0015879
all	205	3753	2260784	0.0016600
all	206	3781	2260784	0.0016724
all	207	3729	2260784	0.0016494
all	208	3830	2260784	0.0016941
all	209	3666	2260784	0.0016216
all	210	3706	2260784	0.0016393
all	211	3770	2260784	0.0016676
all	212	3749	2260784	0.0016583
all	213	3647	2260784	0.0016132
all	214	3728	2260784	0.0016490
all	215	3641	2260784	0.0016105
all	216	3826	2260784	0.0016923
all	217	3699	2260784	0.0016362
all	218	3558	2260784	0.0015738
all	219	3497	2260784	0.0015468
all	220	3547	2260784	0.0015689
all	221	3591	2260784	0.0015884
all	222	3496	2260784	0.0015464
all	223	3682	2260784	0.0016286
all	224	3586	2260784	0.0015862
all	225	3463	2260784	0.0015318
all	226	3623	2260784	0.0016025
all	227	3368	2260784	0.0014897
all	228	3335	2260784	0.0014752
all	229	3419	2260784	0.0015123
all	230	3440	2260784	0.0015216
all	231	3470	2260784	0.0015349
all	232	3513	2260784	0.0015539
all	233	3326	2260784	0.0014712
all	234	3559	2260784	0.0015742
all	235	3350	2260784	0.0014818
all	236	3313	2260784	0.0014654
all	237	3387	2260784	0.0014982
all	238	3331	2260784	0.0014734
all	239	3415	2260784	0.0015105
all	240	3503	2260784	0.0015495
all	241	3406	2260784	0.0015066
all	242	3234	2260784	0.0014305
all	243	3422	2260784	0.0015136
all	244	3274	2260784	0.0014482
all	245	3356	2260784	0.0014844
all	246	3349	2260784	0.0014813
all	247	3164	2260784	0.0013995
all	248	3395	2260784	0.0015017
all	249	3252	2260784	0.0014384
all	250	3288	2260784	0.0014544
all	251	3152	2260784	0.0013942
all	252	3156	2260784	0.0013960
all	253	3237	2260784	0.0014318
all	254	3224	2260784	0.0014261
all	255	3270	2260784	0.0014464
all	256	3146	2260784	0.0013916
all	257	3143	2260784	0.0013902
all	258	3195	2260784	0.0014132
all	259	3176	2260784	0.0014048
all	260	3143	2260784	0.0013902
all	261	3150	2260784	0.0013933
all	262	3035	2260784	0.0013425
all	263	2967	2260784	0.0013124
all	264	2983	2260784	0.0013195
all	265	2994	2260784	0.0013243
all	266	2988	2260784	0.0013217
all	267	2927	2260784	0.0012947
all	268	3008	2260784	0.0013305
all	269	2930	2260784	0.0012960
all	270	2978	2260784	0.0013172
all	271	2888	2260784	0.0012774
all	272	2949	2260784	0.0013044
all	273	2942	2260784	0.0013013
all	274	3042	2260784	0.0013456
all	275	2949	2260784	0.0013044
all	276	2781	2260784	0.0012301
all	277	2822	2260784	0.0012482
all	278	2897	2260784	0.0012814
all	279	2790	2260784	0.0012341
all	280	2857	2260784	0.0012637
all	281	2914	2260784	0.0012889
all	282	2920	2260784	0.0012916
all	283	2698	2260784	0.0011934
all	284	2870	2260784	0.0012695
all	285	2830	2260784	0.0012518
all	286	2777	2260784	0.0012283
all	287	2758	2260784	0.0012199
all	288	2755	2260784	0.0012186
all	289	2741	2260784	0.0012124
all	290	2739	2260784	0.0012115
all	291	2881	2260784	0.0012743
all	292	2811	2260784	0.0012434
all	293	2657	2260784	0.0011753
all	294	2617	2260784	0.0011576
all	295	2673	2260784	0.0011823
all	296	2665	2260784	0.0011788
all	297	2605	2260784	0.0011523
all	298	2549	2260784	0.0011275
all	299	2619	2260784	0.0011584
all	300	2555	2260784	0.0011301
all	301	2646	2260784	0.0011704
all	302	2643	2260784	0.0011691
all	303	2634	2260784	0.0011651
all	304	2750	2260784	0.0012164
all	305	2594	2260784	0.0011474
all	306	2549	2260784	0.0011275
all	307	2534	2260784	0.0011209
all	308	2518	2260784	0.0011138
all	309	2607	2260784	0.0011531
all	310	2478	2260784	0.0010961
all	311	2551	2260784	0.0011284
all	312	2566	2260784	0.0011350
all	313	2583	2260784	0.0011425
all	314	2401	2260784	0.0010620
all	315	2440	2260784	0.0010793
all	316	2338	2260784	0.0010342
all	317	2383	2260784	0.0010541
all	318	2508	2260784	0.0011093
all	319	2463	2260784	0.0010894
all	320	2436	2260784	0.0010775
all	321	2508	2260784	0.0011093
all	322	2401	2260784	0.0010620
all	323	2387	2260784	0.0010558
all	324	2313	2260784	0.0010231
all	325	2278	2260784	0.0010076
all	326	2317	2260784	0.0010249
all	327	2437	2260784	0.0010779
all	328	2220	2260784	0.0009820
all	329	2328	2260784	0.0010297
all	330	2276	2260784	0.0010067
all	331	2270	2260784	0.0010041
all	332	2177	2260784	0.0009629
all	333	2233	2260784	0.0009877
all	334	2170	2260784	0.0009598
all	335	2157	2260784	0.0009541
all	336	2192	2260784	0.0009696
all	337	2281	2260784	0.0010089
all	338	2159	2260784	0.0009550
all	339	2014	2260784	0.0008908
all	340	2149	2260784	0.0009506
all	341	2056	2260784	0.0009094
all	342	2013	2260784	0.0008904
all	343	1965	2260784	0.0008692
all	344	2008	2260784	0.0008882
all	345	2033	2260784	0.0008992
all	346	1944	2260784	0.0008599
all	347	1942	2260784	0.0008590
all	348	1995	2260784	0.0008824
all	349	1949	2260784	0.0008621
all	350	1860	2260784	0.0008227
all	351	1981	2260784	0.0008762
all	352	1931	2260784	0.0008541
all	353	1875	2260784	0.0008294
all	354	2098	2260784	0.0009280
all	355	1950	2260784	0.0008625
all	356	1861	2260784	0.0008232
all	357	1905	2260784	0.0008426
all	358	1926	2260784	0.0008519
all	359	1831	2260784	0.0008099
all	360	1945	2260784	0.0008603
all	361	1827	2260784	0.0008081
all	362	1830	2260784	0.0008095
all	363	1799	2260784	0.0007957
all	364	1804	2260784	0.0007980
all	365	1928	2260784	0.0008528
all	366	1736	2260784	0.0007679
all	367	1826	2260784	0.0008077
all	368	1724	2260784	0.0007626
all	369	1709	2260784	0.0007559
all	370	1811	2260784	0.0008010
all	371	1759	2260784	0.0007780
all	372	1776	2260784	0.0007856
all	373	1660	2260784	0.0007343
all	374	1728	2260784	0.0007643
all	375	1757	2260784	0.0007772
all	376	1699	2260784	0.0007515
all	377	1869	2260784	0.0008267
all	378	1691	2260784	0.0007480
all	379	1649	2260784	0.0007294
all	380	1697	2260784	0.0007506
all	381	1615	2260784	0.0007144
all	382	1712	2260784	0.0007573
all	383	1751	2260784	0.0007745
all	384	1595	2260784	0.0007055
all	385	1635	2260784	0.0007232
all	386	1648	2260784	0.0007290
all	387	1596	2260784	0.0007059
all	388	1489	2260784	0.0006586
all	389	1680	2260784	0.0007431
all	390	1593	2260784	0.0007046
all	391	1553	2260784	0.0006869
all	392	1627	2260784	0.0007197
all	393	1612	2260784	0.0007130
all	394	1539	2260784	0.0006807
all	395	1596	2260784	0.0007059
all	396	1522	2260784	0.0006732
all	397	1664	2260784	0.0007360
all	398	1472	2260784	0.0006511
all	399	1423	2260784	0.0006294
all	400	1519	2260784	0.0006719
all	401	1459	2260784	0.0006454
all	402	1494	2260784	0.0006608
all	403	1450	2260784	0.0006414
all	404	1402	2260784	0.0006201
all	405	1406	2260784	0.0006219
all	406	1541	2260784	0.0006816
all	407	1455	2260784	0.0006436
all	408	1398	2260784	0.0006184
all	409	1623	2260784	0.0007179
all	410	1480	2260784	0.0006546
all	411	1429	2260784	0.0006321
all	412	1403	2260784	0.0006206
all	413	1377	2260784	0.0006091
all	414	1363	2260784	0.0006029
all	415	1503	2260784	0.0006648
all	416	1365	2260784	0.0006038
all	417	1301	2260784	0.0005755
all	418	1371	2260784	0.0006064
all	419	1377	2260784	0.0006091
all	420	1375	2260784	0.0006082
all	421	1371	2260784	0.0006064
all	422	1353	2260784	0.0005985
all	423	1510	2260784	0.0006679
all	424	1358	2260784	0.0006007
all	425	1331	2260784	0.0005887
all	426	1253	2260784	0.0005542
all	427	1270	2260784	0.0005618
all	428	1362	2260784	0.0006024
all	429	1288	2260784	0.0005697
all	430	1225	2260784	0.0005418
all	431	1266	2260784	0.0005600
all	432	1329	2260784	0.0005878
all	433	1318	2260784	0.0005830
all	434	1345	2260784	0.0005949
all	435	1196	2260784	0.0005290
all	436	1330	2260784	0.0005883
all	437	1287	2260784	0.0005693
all	438	1227	2260784	0.0005427
all	439	1226	2260784	0.0005423
all	440	1171	2260784	0.0005180
all	441	1151	2260784	0.0005091
all	442	1142	2260784	0.0005051
all	443	1134	2260784	0.0005016
all	444	1075	2260784	0.0004755
all	445	1132	2260784	0.0005007
all	446	1183	2260784	0.0005233
all	447	1097	2260784	0.0004852
all	448	1155	2260784	0.0005109
all	449	1081	2260784	0.0004782
all	450	1088	2260784	0.0004812
all	451	1106	2260784	0.0004892
all	452	1119	2260784	0.0004950
all	453	1179	2260784	0.0005215
all	454	1145	2260784	0.0005065
all	455	1086	2260784	0.0004804
all	456	1001	2260784	0.0004428
all	457	1059	2260784	0.0004684
all	458	1112	2260784	0.0004919
all	459	1144	2260784	0.0005060
all	460	1056	2260784	0.0004671
all	461	1025	2260784	0.0004534
all	462	1068	2260784	0.0004724
all	463	1083	2260784	0.0004790
all	464	998	2260784	0.0004414
all	465	1054	2260784	0.0004662
all	466	1035	2260784	0.0004578
all	467	957	2260784	0.0004233
all	468	994	2260784	0.0004397
all	469	974	2260784	0.0004308
all	470	993	2260784	0.0004392
all	471	920	2260784	0.0004069
all	472	978	2260784	0.0004326
all	473	911	2260784	0.0004030
all	474	886	2260784	0.0003919
all	475	970	2260784	0.0004291
all	476	910	2260784	0.0004025
all	477	978	2260784	0.0004326
all	478	982	2260784	0.0004344
all	479	916	2260784	0.0004052
all	480	930	2260784	0.0004114
all	481	975	2260784	0.0004313
all	482	944	2260784	0.0004176
all	483	1017	2260784	0.0004498
all	484	939	2260784	0.0004153
all	485	982	2260784	0.0004344
all	486	903	2260784	0.0003994
all	487	975	2260784	0.0004313
all	488	849	2260784	0.0003755
all	489	860	2260784	0.0003804
all	490	873	2260784	0.0003861
all	491	888	2260784	0.0003928
all	492	851	2260784	0.0003764
all	493	859	2260784	0.0003800
all	494	922	2260784	0.0004078
all	495	865	2260784	0.0003826
all	496	824	2260784	0.0003645
all	497	832	2260784	0.0003680
all	498	863	2260784	0.0003817
all	499	793	2260784	0.0003508
all	500	822	2260784	0.0003636
all	501	763	2260784	0.0003375
all	502	832	2260784	0.0003680
all	503	804	2260784	0.0003556
all	504	779	2260784	0.0003446
all	505	823	2260784	0.0003640
all	506	854	2260784	0.0003777
all	507	805	2260784	0.0003561
all	508	688	2260784	0.0003043
all	509	730	2260784	0.0003229
all	510	719	2260784	0.0003180
all	511	724	2260784	0.0003202
all	512	769	2260784	0.0003401
all	513	775	2260784	0.0003428
all	514	734	2260784	0.0003247
all	515	692	2260784	0.0003061
all	516	701	2260784	0.0003101
all	517	714	2260784	0.0003158
all	518	720	2260784	0.0003185
all	519	698	2260784	0.0003087
all	520	669	2260784	0.0002959
all	521	636	2260784	0.0002813
all	522	700	2260784	0.0003096
all	523	743	2260784	0.0003286
all	524	656	2260784	0.0002902
all	525	642	2260784	0.0002840
all	526	637	2260784	0.0002818
all	527	618	2260784	0.0002734
all	528	589	2260784	0.0002605
all	529	588	2260784	0.0002601
all	530	629	2260784	0.0002782
all	531	633	2260784	0.0002800
all	532	572	2260784	0.0002530
all	533	682	2260784	0.0003017
all	534	594	2260784	0.0002627
all	535	613	2260784	0.0002711
all	536	626	2260784	0.0002769
all	537	592	2260784	0.0002619
all	538	595	2260784	0.0002632
all	539	596	2260784	0.0002636
all	540	601	2260784	0.0002658
all	541	607	2260784	0.0002685
all	542	615	2260784	0.0002720
all	543	585	2260784	0.0002588
all	544	653	2260784	0.0002888
all	545	593	2260784	0.0002623
all	546	598	2260784	0.0002645
all	547	567	2260784	0.0002508
all	548	530	2260784	0.0002344
all	549	547	2260784	0.0002420
all	550	540	2260784	0.0002389
all	551	548	2260784	0.0002424
all	552	532	2260784	0.0002353
all	553	449	2260784	0.0001986
all	554	467	2260784	0.0002066
all	555	524	2260784	0.0002318
all	556	528	2260784	0.0002335
all	557	473	2260784	0.0002092
all	558	514	2260784	0.0002274
all	559	451	2260784	0.0001995
all	560	492	2260784	0.0002176
all	561	467	2260784	0.0002066
all	562	556	2260784	0.0002459
all	563	481	2260784	0.0002128
all	564	537	2260784	0.0002375
all	565	524	2260784	0.0002318
all	566	557	2260784	0.0002464
all	567	505	2260784	0.0002234
all	568	485	2260784	0.0002145
all	569	526	2260784	0.0002327
all	570	455	2260784	0.0002013
all	571	488	2260784	0.0002159
all	572	473	2260784	0.0002092
all	573	463	2260784	0.0002048
all	574	479	2260784	0.0002119
all	575	448	2260784	0.0001982
all	576	484	2260784	0.0002141
all	577	412	2260784	0.0001822
all	578	438	2260784	0.0001937
all	579	405	2260784	0.0001791
all	580	445	2260784	0.0001968
all	581	409	2260784	0.0001809
all	582	387	2260784	0.0001712
all	583	413	2260784	0.0001827
all	584	446	2260784	0.0001973
all	585	446	2260784	0.0001973
all	586	422	2260784	0.0001867
all	587	424	2260784	0.0001875
all	588	425	2260784	0.0001880
all	589	386	2260784	0.0001707
all	590	383	2260784	0.0001694
all	591	401	2260784	0.0001774
all	592	405	2260784	0.0001791
all	593	432	2260784	0.0001911
all	594	373	2260784	0.0001650
all	595	352	2260784	0.0001557
all	596	332	2260784	0.0001469
all	597	426	2260784	0.0001884
all	598	365	2260784	0.0001614
all	599	336	2260784	0.0001486
all	600	337	2260784	0.0001491
all	601	344	2260784	0.0001522
all	602	404	2260784	0.0001787
all	603	372	2260784	0.0001645
all	604	379	2260784	0.0001676
all	605	355	2260784	0.0001570
all	606	362	2260784	0.0001601
all	607	362	2260784	0.0001601
all	608	358	2260784	0.0001584
all	609	320	2260784	0.0001415
all	610	384	2260784	0.0001699
all	611	365	2260784	0.0001614
all	612	344	2260784	0.0001522
all	613	353	2260784	0.0001561
all	614	345	2260784	0.0001526
all	615	286	2260784	0.0001265
all	616	380	2260784	0.0001681
all	617	305	2260784	0.0001349
all	618	372	2260784	0.0001645
all	619	364	2260784	0.0001610
all	620	305	2260784	0.0001349
all	621	320	2260784	0.0001415
all	622	352	2260784	0.0001557
all	623	324	2260784	0.0001433
all	624	303	2260784	0.0001340
all	625	294	2260784	0.0001300
all	626	304	2260784	0.0001345
all	627	247	2260784	0.0001093
all	628	311	2260784	0.0001376
all	629	313	2260784	0.0001384
all	630	302	2260784	0.0001336
all	631	317	2260784	0.0001402
all	632	297	2260784	0.0001314
all	633	261	2260784	0.0001154
all	634	308	2260784	0.0001362
all	635	258	2260784	0.0001141
all	636	243	2260784	0.0001075
all	637	238	2260784	0.0001053
all	638	294	2260784	0.0001300
all	639	252	2260784	0.0001115
all	640	260	2260784	0.0001150
all	641	261	2260784	0.0001154
all	642	200	2260784	0.0000885
all	643	296	2260784	0.0001309
all	644	294	2260784	0.0001300
all	645	278	2260784	0.0001230
all	646	240	2260784	0.0001062
all	647	250	2260784	0.0001106
all	648	281	2260784	0.0001243
all	649	230	2260784	0.0001017
all	650	253	2260784	0.0001119
all	651	241	2260784	0.0001066
all	652	248	2260784	0.0001097
all	653	262	2260784	0.0001159
all	654	285	2260784	0.0001261
all	655	291	2260784	0.0001287
all	656	263	2260784	0.0001163
all	657	272	2260784	0.0001203
all	658	258	2260784	0.0001141
all	659	270	2260784	0.0001194
all	660	241	2260784	0.0001066
all	661	244	2260784	0.0001079
all	662	226	2260784	0.0001000
all	663	240	2260784	0.0001062
all	664	230	2260784	0.0001017
all	665	220	2260784	0.0000973
all	666	251	2260784	0.0001110
all	667	219	2260784	0.0000969
all	668	224	2260784	0.0000991
all	669	249	2260784	0.0001101
all	670	240	2260784	0.0001062
all	671	235	2260784	0.0001039
all	672	225	2260784	0.0000995
all	673	212	2260784	0.0000938
all	674	229	2260784	0.0001013
all	675	209	2260784	0.0000924
all	676	205	2260784	0.0000907
all	677	250	2260784	0.0001106
all	678	203	2260784	0.0000898
all	679	227	2260784	0.0001004
all	680	234	2260784	0.0001035
all	681	230	2260784	0.0001017
all	682	239	2260784	0.0001057
all	683	203	2260784	0.0000898
all	684	203	2260784	0.0000898
all	685	218	2260784	0.0000964
all	686	193	2260784	0.0000854
all	687	205	2260784	0.0000907
all	688	204	2260784	0.0000902
all	689	163	2260784	0.0000721
all	690	187	2260784	0.0000827
all	691	212	2260784	0.0000938
all	692	193	2260784	0.0000854
all	693	183	2260784	0.0000809
all	694	172	2260784	0.0000761
all	695	197	2260784	0.0000871
all	696	163	2260784	0.0000721
all	697	181	2260784	0.0000801
all	698	188	2260784	0.0000832
all	699	171	2260784	0.0000756
all	700	174	2260784	0.0000770
all	701	178	2260784	0.0000787
all	702	185	2260784	0.0000818
all	703	152	2260784	0.0000672
all	704	177	2260784	0.0000783
all	705	168	2260784	0.0000743
all	706	156	2260784	0.0000690
all	707	145	2260784	0.0000641
all	708	153	2260784	0.0000677
all	709	144	2260784	0.0000637
all	710	151	2260784	0.0000668
all	711	143	2260784	0.0000633
all	712	157	2260784	0.0000694
all	713	140	2260784	0.0000619
all	714	138	2260784	0.0000610
all	715	151	2260784	0.0000668
all	716	154	2260784	0.0000681
all	717	124	2260784	0.0000548
all	718	117	2260784	0.0000518
all	719	131	2260784	0.0000579
all	720	141	2260784	0.0000624
all	721	133	2260784	0.0000588
all	722	128	2260784	0.0000566
all	723	106	2260784	0.0000469
all	724	89	2260784	0.0000394
all	725	131	2260784	0.0000579
all	726	101	2260784	0.0000447
all	727	98	2260784	0.0000433
all	728	101	2260784	0.0000447
all	729	142	2260784	0.0000628
all	730	124	2260784	0.0000548
all	731	109	2260784	0.0000482
all	732	124	2260784	0.0000548
all	733	147	2260784	0.0000650
all	734	133	2260784	0.0000588
all	735	152	2260784	0.0000672
all	736	128	2260784	0.0000566
all	737	133	2260784	0.0000588
all	738	138	2260784	0.0000610
all	739	124	2260784	0.0000548
all	740	90	2260784	0.0000398
all	741	98	2260784	0.0000433
all	742	124	2260784	0.0000548
all	743	97	2260784	0.0000429
all	744	101	2260784	0.0000447
all	745	90	2260784	0.0000398
all	746	105	2260784	0.0000464
all	747	112	2260784	0.0000495
all	748	89	2260784	0.0000394
all	749	120	2260784	0.0000531
all	750	103	2260784	0.0000456
all	751	83	2260784	0.0000367
all	752	100	2260784	0.0000442
all	753	87	2260784	0.0000385
all	754	105	2260784	0.0000464
all	755	101	2260784	0.0000447
all	756	105	2260784	0.0000464
all	757	101	2260784	0.0000447
all	758	85	2260784	0.0000376
all	759	97	2260784	0.0000429
all	760	76	2260784	0.0000336
all	761	67	2260784	0.0000296
all	762	112	2260784	0.0000495
all	763	81	2260784	0.0000358
all	764	84	2260784	0.0000372
all	765	81	2260784	0.0000358
all	766	106	2260784	0.0000469
all	767	101	2260784	0.0000447
all	768	85	2260784	0.0000376
all	769	86	2260784	0.0000380
all	770	69	2260784	0.0000305
all	771	87	2260784	0.0000385
all	772	77	2260784	0.0000341
all	773	91	2260784	0.0000403
all	774	95	2260784	0.0000420
all	775	59	2260784	0.0000261
all	776	91	2260784	0.0000403
all	777	73	2260784	0.0000323
all	778	92	2260784	0.0000407
all	779	66	2260784	0.0000292
all	780	74	2260784	0.0000327
all	781	87	2260784	0.0000385
all	782	96	2260784	0.0000425
all	783	83	2260784	0.0000367
all	784	72	2260784	0.0000318
all	785	76	2260784	0.0000336
all	786	84	2260784	0.0000372
all	787	77	2260784	0.0000341
all	788	120	2260784	0.0000531
all	789	83	2260784	0.0000367
all	790	107	2260784	0.0000473
all	791	90	2260784	0.0000398
all	792	100	2260784	0.0000442
all	793	81	2260784	0.0000358
all	794	101	2260784	0.0000447
all	795	76	2260784	0.0000336
all	796	89	2260784	0.0000394
all	797	89	2260784	0.0000394
all	798	96	2260784	0.0000425
all	799	84	2260784	0.0000372
all	800	66	2260784	0.0000292
all	801	87	2260784	0.0000385
all	802	99	2260784	0.0000438
all	803	68	2260784	0.0000301
all	804	71	2260784	0.0000314
all	805	73	2260784	0.0000323
all	806	62	2260784	0.0000274
all	807	85	2260784	0.0000376
all	808	64	2260784	0.0000283
all	809	66	2260784	0.0000292
all	810	48	2260784	0.0000212
all	811	74	2260784	0.0000327
all	812	70	2260784	0.0000310
all	813	54	2260784	0.0000239
all	814	59	2260784	0.0000261
all	815	92	2260784	0.0000407
all	816	59	2260784	0.0000261
all	817	72	2260784	0.0000318
all	818	64	2260784	0.0000283
all	819	64	2260784	0.0000283
all	820	60	2260784	0.0000265
all	821	53	2260784	0.0000234
all	822	67	2260784	0.0000296
all	823	75	2260784	0.0000332
all	824	60	2260784	0.0000265
all	825	65	2260784	0.0000288
all	826	64	2260784	0.0000283
all	827	63	2260784	0.0000279
all	828	69	2260784	0.0000305
all	829	52	2260784	0.0000230
all	830	35	2260784	0.0000155
all	831	47	2260784	0.0000208
all	832	75	2260784	0.0000332
all	833	54	2260784	0.0000239
all	834	48	2260784	0.0000212
all	835	57	2260784	0.0000252
all	836	57	2260784	0.0000252
all	837	31	2260784	0.0000137
all	838	48	2260784	0.0000212
all	839	53	2260784	0.0000234
all	840	79	2260784	0.0000349
all	841	29	2260784	0.0000128
all	842	63	2260784	0.0000279
all	843	50	2260784	0.0000221
all	844	48	2260784	0.0000212
all	845	44	2260784	0.0000195
all	846	52	2260784	0.0000230
all	847	58	2260784	0.0000257
all	848	41	2260784	0.0000181
all	849	28	2260784	0.0000124
all	850	41	2260784	0.0000181
all	851	35	2260784	0.0000155
all	852	33	2260784	0.0000146
all	853	31	2260784	0.0000137
all	854	39	2260784	0.0000173
all	855	49	2260784	0.0000217
all	856	42	2260784	0.0000186
all	857	36	2260784	0.0000159
all	858	51	2260784	0.0000226
all	859	29	2260784	0.0000128
all	860	49	2260784	0.0000217
all	861	41	2260784	0.0000181
all	862	53	2260784	0.0000234
all	863	37	2260784	0.0000164
all	864	39	2260784	0.0000173
all	865	23	2260784	0.0000102
all	866	53	2260784	0.0000234
all	867	37	2260784	0.0000164
all	868	37	2260784	0.0000164
all	869	26	2260784	0.0000115
all	870	47	2260784	0.0000208
all	871	40	2260784	0.0000177
all	872	28	2260784	0.0000124
all	873	42	2260784	0.0000186
all	874	33	2260784	0.0000146
all	875	33	2260784	0.0000146
all	876	38	2260784	0.0000168
all	877	41	2260784	0.0000181
all	878	29	2260784	0.0000128
all	879	34	2260784	0.0000150
all	880	40	2260784	0.0000177
all	881	38	2260784	0.0000168
all	882	40	2260784	0.0000177
all	883	44	2260784	0.0000195
all	884	37	2260784	0.0000164
all	885	24	2260784	0.0000106
all	886	41	2260784	0.0000181
all	887	45	2260784	0.0000199
all	888	35	2260784	0.0000155
all	889	26	2260784	0.0000115
all	890	26	2260784	0.0000115
all	891	34	2260784	0.0000150
all	892	28	2260784	0.0000124
all	893	28	2260784	0.0000124
all	894	28	2260784	0.0000124
all	895	26	2260784	0.0000115
all	896	35	2260784	0.0000155
all	897	33	2260784	0.0000146
all	898	26	2260784	0.0000115
all	899	15	2260784	0.0000066
all	900	27	2260784	0.0000119
all	901	27	2260784	0.0000119
all	902	31	2260784	0.0000137
all	903	35	2260784	0.0000155
all	904	32	2260784	0.0000142
all	905	9	2260784	0.0000040
all	906	32	2260784	0.0000142
all	907	28	2260784	0.0000124
all	908	29	2260784	0.0000128
all	909	32	2260784	0.0000142
all	910	28	2260784	0.0000124
all	911	14	2260784	0.0000062
all	912	24	2260784	0.0000106
all	913	18	2260784	0.0000080
all	914	20	2260784	0.0000088
all	915	29	2260784	0.0000128
all	916	29	2260784	0.0000128
all	917	16	2260784	0.0000071
all	918	23	2260784	0.0000102
all	919	23	2260784	0.0000102
all	920	29	2260784	0.0000128
all	921	22	2260784	0.0000097
all	922	24	2260784	0.0000106
all	923	22	2260784	0.0000097
all	924	23	2260784	0.0000102
all	925	8	2260784	0.0000035
all	926	22	2260784	0.0000097
all	927	21	2260784	0.0000093
all	928	26	2260784	0.0000115
all	929	22	2260784	0.0000097
all	930	27	2260784	0.0000119
all	931	16	2260784	0.0000071
all	932	16	2260784	0.0000071
all	933	31	2260784	0.0000137
all	934	25	2260784	0.0000111
all	935	21	2260784	0.0000093
all	936	16	2260784	0.0000071
all	937	16	2260784	0.0000071
all	938	17	2260784	0.0000075
all	939	10	2260784	0.0000044
all	940	8	2260784	0.0000035
all	941	9	2260784	0.0000040
all	942	14	2260784	0.0000062
all	943	13	2260784	0.0000058
all	944	6	2260784	0.0000027
all	945	6	2260784	0.0000027
all	946	7	2260784	0.0000031
all	947	13	2260784	0.0000058
all	948	11	2260784	0.0000049
all	949	14	2260784	0.0000062
all	950	7	2260784	0.0000031
all	951	18	2260784	0.0000080
all	952	7	2260784	0.0000031
all	953	7	2260784	0.0000031
all	954	6	2260784	0.0000027
all	955	1	2260784	0.0000004
all	956	12	2260784	0.0000053
all	957	11	2260784	0.0000049
all	958	9	2260784	0.0000040
all	959	17	2260784	0.0000075
all	960	7	2260784	0.0000031
all	961	8	2260784	0.0000035
all	962	10	2260784	0.0000044
all	963	1	2260784	0.0000004
all	964	6	2260784	0.0000027
all	965	7	2260784	0.0000031
all	966	12	2260784	0.0000053
all	967	16	2260784	0.0000071
all	968	12	2260784	0.0000053
all	969	17	2260784	0.0000075
all	970	14	2260784	0.0000062
all	971	13	2260784	0.0000058
all	972	9	2260784	0.0000040
all	973	10	2260784	0.0000044
all	974	15	2260784	0.0000066
all	975	8	2260784	0.0000035
all	976	10	2260784	0.0000044
all	977	9	2260784	0.0000040
all	978	12	2260784	0.0000053
all	979	16	2260784	0.0000071
all	980	11	2260784	0.0000049
all	981	5	2260784	0.0000022
all	982	21	2260784	0.0000093
all	983	19	2260784	0.0000084
all	984	15	2260784	0.0000066
all	985	9	2260784	0.0000040
all	986	11	2260784	0.0000049
all	987	9	2260784	0.0000040
all	988	17	2260784	0.0000075
all	989	8	2260784	0.0000035
all	990	15	2260784	0.0000066
all	991	8	2260784	0.0000035
all	992	13	2260784	0.0000058
all	993	8	2260784	0.0000035
all	994	8	2260784	0.0000035
all	995	8	2260784	0.0000035
all	996	6	2260784	0.0000027
all	997	18	2260784	0.0000080
all	998	10	2260784	0.0000044
all	999	11	2260784	0.0000049
all	1000	5	2260784	0.0000022
all	1001	11	2260784	0.0000049
all	1002	8	2260784	0.0000035
all	1003	11	2260784	0.0000049
all	1004	2	2260784	0.0000009
all	1005	6	2260784	0.0000027
all	1006	8	2260784	0.0000035
all	1007	9	2260784	0.0000040
all	1008	7	2260784	0.0000031
all	1009	2	2260784	0.0000009
all	1010	4	2260784	0.0000018
all	1011	4	2260784	0.0000018
all	1012	4	2260784	0.0000018
all	1013	9	2260784	0.0000040
all	1014	4	2260784	0.0000018
all	1015	4	2260784	0.0000018
all	1016	4	2260784	0.0000018
all	1017	10	2260784	0.0000044
all	1018	13	2260784	0.0000058
all	1019	5	2260784	0.0000022
all	1020	3	2260784	0.0000013
all	1021	17	2260784	0.0000075
all	1022	4	2260784	0.0000018
all	1023	10	2260784	0.0000044
all	1024	7	2260784	0.0000031
all	1025	6	2260784	0.0000027
all	1026	3	2260784	0.0000013
all	1027	5	2260784	0.0000022
all	1028	15	2260784	0.0000066
all	1029	6	2260784	0.0000027
all	1030	6	2260784	0.0000027
all	1031	10	2260784	0.0000044
all	1032	6	2260784	0.0000027
all	1033	8	2260784	0.0000035
all	1034	4	2260784	0.0000018
all	1035	10	2260784	0.0000044
all	1036	3	2260784	0.0000013
all	1037	10	2260784	0.0000044
all	1038	9	2260784	0.0000040
all	1039	12	2260784	0.0000053
all	1040	2	2260784	0.0000009
all	1041	10	2260784	0.0000044
all	1042	2	2260784	0.0000009
all	1043	5	2260784	0.0000022
all	1044	8	2260784	0.0000035
all	1045	7	2260784	0.0000031
all	1046	2	2260784	0.0000009
all	1047	2	2260784	0.0000009
all	1048	4	2260784	0.0000018
all	1049	4	2260784	0.0000018
all	1050	4	2260784	0.0000018
all	1051	8	2260784	0.0000035
all	1052	6	2260784	0.0000027
all	1053	4	2260784	0.0000018
all	1054	2	2260784	0.0000009
all	1055	5	2260784	0.0000022
all	1056	7	2260784	0.0000031
all	1057	7	2260784	0.0000031
all	1058	6	2260784	0.0000027
all	1060	4	2260784	0.0000018
all	1061	5	2260784	0.0000022
all	1062	3	2260784	0.0000013
all	1063	4	2260784	0.0000018
all	1064	4	2260784	0.0000018
all	1065	10	2260784	0.0000044
all	1066	5	2260784	0.0000022
all	1067	7	2260784	0.0000031
all	1068	7	2260784	0.0000031
all	1069	7	2260784	0.0000031
all	1070	3	2260784	0.0000013
all	1071	5	2260784	0.0000022
all	1072	2	2260784	0.0000009
all	1073	1	2260784	0.0000004
all	1074	2	2260784	0.0000009
all	1075	2	2260784	0.0000009
all	1076	3	2260784	0.0000013
all	1077	4	2260784	0.0000018
all	1078	9	2260784	0.0000040
all	1079	12	2260784	0.0000053
all	1080	4	2260784	0.0000018
all	1081	6	2260784	0.0000027
all	1082	10	2260784	0.0000044
all	1083	2	2260784	0.0000009
all	1084	3	2260784	0.0000013
all	1085	2	2260784	0.0000009
all	1086	4	2260784	0.0000018
all	1087	3	2260784	0.0000013
all	1088	11	2260784	0.0000049
all	1089	3	2260784	0.0000013
all	1090	8	2260784	0.0000035
all	1091	6	2260784	0.0000027
all	1092	6	2260784	0.0000027
all	1093	5	2260784	0.0000022
all	1094	3	2260784	0.0000013
all	1095	5	2260784	0.0000022
all	1096	6	2260784	0.0000027
all	1097	5	2260784	0.0000022
all	1098	2	2260784	0.0000009
all	1099	1	2260784	0.0000004
all	1100	2	2260784	0.0000009
all	1101	7	2260784	0.0000031
all	1102	10	2260784	0.0000044
all	1103	5	2260784	0.0000022
all	1104	4	2260784	0.0000018
all	1105	2	2260784	0.0000009
all	1106	13	2260784	0.0000058
all	1107	6	2260784	0.0000027
all	1108	10	2260784	0.0000044
all	1109	7	2260784	0.0000031
all	1110	5	2260784	0.0000022
all	1111	7	2260784	0.0000031
all	1113	11	2260784	0.0000049
all	1114	3	2260784	0.0000013
all	1115	8	2260784	0.0000035
all	1116	10	2260784	0.0000044
all	1117	5	2260784	0.0000022
all	1118	4	2260784	0.0000018
all	1119	8	2260784	0.0000035
all	1120	8	2260784	0.0000035
all	1121	4	2260784	0.0000018
all	1122	12	2260784	0.0000053
all	1123	4	2260784	0.0000018
all	1124	7	2260784	0.0000031
all	1125	9	2260784	0.0000040
all	1126	4	2260784	0.0000018
all	1127	3	2260784	0.0000013
all	1128	5	2260784	0.0000022
all	1129	4	2260784	0.0000018
all	1130	7	2260784	0.0000031
all	1131	4	2260784	0.0000018
all	1132	4	2260784	0.0000018
all	1133	2	2260784	0.0000009
all	1134	7	2260784	0.0000031
all	1135	3	2260784	0.0000013
all	1136	7	2260784	0.0000031
all	1137	3	2260784	0.0000013
all	1139	1	2260784	0.0000004
all	1141	4	2260784	0.0000018
all	1142	4	2260784	0.0000018
all	1143	3	2260784	0.0000013
all	1144	2	2260784	0.0000009
all	1145	3	2260784	0.0000013
all	1146	4	2260784	0.0000018
all	1147	5	2260784	0.0000022
all	1148	9	2260784	0.0000040
all	1149	7	2260784	0.0000031
all	1151	2	2260784	0.0000009
all	1153	4	2260784	0.0000018
all	1154	2	2260784	0.0000009
all	1155	1	2260784	0.0000004
all	1156	2	2260784	0.0000009
all	1157	5	2260784	0.0000022
all	1158	4	2260784	0.0000018
all	1159	4	2260784	0.0000018
all	1161	8	2260784	0.0000035
all	1162	7	2260784	0.0000031
all	1163	3	2260784	0.0000013
all	1164	2	2260784	0.0000009
all	1165	6	2260784	0.0000027
all	1166	7	2260784	0.0000031
all	1167	10	2260784	0.0000044
all	1168	4	2260784	0.0000018
all	1169	5	2260784	0.0000022
all	1170	4	2260784	0.0000018
all	1171	2	2260784	0.0000009
all	1172	12	2260784	0.0000053
all	1173	10	2260784	0.0000044
all	1174	2	2260784	0.0000009
all	1175	8	2260784	0.0000035
all	1176	6	2260784	0.0000027
all	1177	2	2260784	0.0000009
all	1178	4	2260784	0.0000018
all	1179	5	2260784	0.0000022
all	1180	6	2260784	0.0000027
all	1181	2	2260784	0.0000009
all	1183	4	2260784	0.0000018
all	1184	1	2260784	0.0000004
all	1185	4	2260784	0.0000018
all	1186	1	2260784	0.0000004
all	1187	6	2260784	0.0000027
all	1188	4	2260784	0.0000018
all	1189	5	2260784	0.0000022
all	1190	4	2260784	0.0000018
all	1191	7	2260784	0.0000031
all	1192	2	2260784	0.0000009
all	1193	6	2260784	0.0000027
all	1194	7	2260784	0.0000031
all	1195	2	2260784	0.0000009
all	1196	6	2260784	0.0000027
all	1197	3	2260784	0.0000013
all	1198	4	2260784	0.0000018
all	1199	2	2260784	0.0000009
all	1200	4	2260784	0.0000018
all	1201	1	2260784	0.0000004
all	1202	9	2260784	0.0000040
all	1204	4	2260784	0.0000018
all	1205	6	2260784	0.0000027
all	1206	2	2260784	0.0000009
all	1208	4	2260784	0.0000018
all	1209	5	2260784	0.0000022
all	1210	1	2260784	0.0000004
all	1211	4	2260784	0.0000018
all	1212	2	2260784	0.0000009
all	1213	3	2260784	0.0000013
all	1214	2	2260784	0.0000009
all	1215	7	2260784	0.0000031
all	1216	6	2260784	0.0000027
all	1217	11	2260784	0.0000049
all	1218	6	2260784	0.0000027
all	1219	4	2260784	0.0000018
all	1221	2	2260784	0.0000009
all	1222	1	2260784	0.0000004
all	1223	3	2260784	0.0000013
all	1224	4	2260784	0.0000018
all	1225	3	2260784	0.0000013
all	1227	5	2260784	0.0000022
all	1228	2	2260784	0.0000009
all	1229	3	2260784	0.0000013
all	1231	2	2260784	0.0000009
all	1234	2	2260784	0.0000009
all	1235	6	2260784	0.0000027
all	1236	2	2260784	0.0000009
all	1239	5	2260784	0.0000022
all	1243	4	2260784	0.0000018
all	1247	6	2260784	0.0000027
all	1248	2	2260784	0.0000009
all	1250	4	2260784	0.0000018
all	1251	1	2260784	0.0000004
all	1252	5	2260784	0.0000022
all	1254	1	2260784	0.0000004
all	1255	2	2260784	0.0000009
all	1257	2	2260784	0.0000009
all	1258	3	2260784	0.0000013
all	1260	5	2260784	0.0000022
all	1261	2	2260784	0.0000009
all	1263	2	2260784	0.0000009
all	1265	1	2260784	0.0000004
all	1267	2	2260784	0.0000009
all	1268	2	2260784	0.0000009
all	1269	2	2260784	0.0000009
all	1271	2	2260784	0.0000009
all	1272	3	2260784	0.0000013
all	1273	2	2260784	0.0000009
all	1274	4	2260784	0.0000018
all	1275	3	2260784	0.0000013
all	1276	2	2260784	0.0000009
all	1277	2	2260784	0.0000009
all	1278	2	2260784	0.0000009
all	1279	4	2260784	0.0000018
all	1280	2	2260784	0.0000009
all	1282	1	2260784	0.0000004
all	1283	2	2260784	0.0000009
all	1284	2	2260784	0.0000009
all	1285	1	2260784	0.0000004
all	1286	2	2260784	0.0000009
all	1287	3	2260784	0.0000013
all	1288	3	2260784	0.0000013
all	1290	1	2260784	0.0000004
all	1292	4	2260784	0.0000018
all	1295	2	2260784	0.0000009
all	1298	5	2260784	0.0000022
all	1300	1	2260784	0.0000004
all	1301	2	2260784	0.0000009
all	1303	4	2260784	0.0000018
all	1304	4	2260784	0.0000018
all	1306	2	2260784	0.0000009
all	1309	2	2260784	0.0000009
all	1311	3	2260784	0.0000013
all	1312	2	2260784	0.0000009
all	1313	2	2260784	0.0000009
all	1314	2	2260784	0.0000009
all	1315	3	2260784	0.0000013
all	1317	2	2260784	0.0000009
all	1319	2	2260784	0.0000009
all	1320	1	2260784	0.0000004
all	1321	2	2260784	0.0000009
all	1322	2	2260784	0.0000009
all	1323	1	2260784	0.0000004
all	1327	1	2260784	0.0000004
all	1328	1	2260784	0.0000004
all	1329	2	2260784	0.0000009
all	1330	4	2260784	0.0000018
all	1331	2	2260784	0.0000009
all	1333	2	2260784	0.0000009
all	1334	6	2260784	0.0000027
all	1335	2	2260784	0.0000009
all	1336	4	2260784	0.0000018
all	1338	3	2260784	0.0000013
all	1339	3	2260784	0.0000013
all	1340	4	2260784	0.0000018
all	1342	2	2260784	0.0000009
all	1343	2	2260784	0.0000009
all	1345	2	2260784	0.0000009
all	1347	2	2260784	0.0000009
all	1348	4	2260784	0.0000018
all	1349	2	2260784	0.0000009
all	1350	2	2260784	0.0000009
all	1351	2	2260784	0.0000009
all	1352	2	2260784	0.0000009
all	1353	1	2260784	0.0000004
all	1354	3	2260784	0.0000013
all	1355	2	2260784	0.0000009
all	1356	1	2260784	0.0000004
all	1357	2	2260784	0.0000009
all	1358	6	2260784	0.0000027
all	1359	1	2260784	0.0000004
all	1360	6	2260784	0.0000027
all	1361	6	2260784	0.0000027
all	1362	2	2260784	0.0000009
all	1363	2	2260784	0.0000009
all	1365	3	2260784	0.0000013
all	1367	2	2260784	0.0000009
all	1369	3	2260784	0.0000013
all	1370	9	2260784	0.0000040
all	1371	1	2260784	0.0000004
all	1372	4	2260784	0.0000018
all	1373	3	2260784	0.0000013
all	1374	4	2260784	0.0000018
all	1376	2	2260784	0.0000009
all	1377	1	2260784	0.0000004
all	1378	4	2260784	0.0000018
all	1379	2	2260784	0.0000009
all	1380	2	2260784	0.0000009
all	1381	2	2260784	0.0000009
all	1382	2	2260784	0.0000009
all	1384	2	2260784	0.0000009
all	1385	4	2260784	0.0000018
all	1386	2	2260784	0.0000009
all	1388	5	2260784	0.0000022
all	1389	2	2260784	0.0000009
all	1390	3	2260784	0.0000013
all	1391	2	2260784	0.0000009
all	1392	5	2260784	0.0000022
all	1394	3	2260784	0.0000013
all	1395	1	2260784	0.0000004
all	1396	4	2260784	0.0000018
all	1397	2	2260784	0.0000009
all	1398	2	2260784	0.0000009
all	1400	1	2260784	0.0000004
all	1401	3	2260784	0.0000013
all	1403	1	2260784	0.0000004
all	1405	2	2260784	0.0000009
all	1406	2	2260784	0.0000009
all	1408	1	2260784	0.0000004
all	1411	2	2260784	0.0000009
all	1412	2	2260784	0.0000009
all	1413	5	2260784	0.0000022
all	1414	2	2260784	0.0000009
all	1416	2	2260784	0.0000009
all	1417	2	2260784	0.0000009
all	1418	2	2260784	0.0000009
all	1419	3	2260784	0.0000013
all	1421	4	2260784	0.0000018
all	1422	2	2260784	0.0000009
all	1423	3	2260784	0.0000013
all	1424	1	2260784	0.0000004
all	1427	6	2260784	0.0000027
all	1428	4	2260784	0.0000018
all	1430	4	2260784	0.0000018
all	1431	3	2260784	0.0000013
all	1432	4	2260784	0.0000018
all	1433	3	2260784	0.0000013
all	1434	4	2260784	0.0000018
all	1437	6	2260784	0.0000027
all	1438	8	2260784	0.0000035
all	1439	6	2260784	0.0000027
all	1440	2	2260784	0.0000009
all	1441	2	2260784	0.0000009
all	1442	2	2260784	0.0000009
all	1443	1	2260784	0.0000004
all	1444	2	2260784	0.0000009
all	1446	3	2260784	0.0000013
all	1448	1	2260784	0.0000004
all	1452	1	2260784	0.0000004
all	1453	1	2260784	0.0000004
all	1455	2	2260784	0.0000009
all	1457	4	2260784	0.0000018
all	1459	2	2260784	0.0000009
all	1460	6	2260784	0.0000027
all	1461	2	2260784	0.0000009
all	1462	2	2260784	0.0000009
all	1465	4	2260784	0.0000018
all	1466	2	2260784	0.0000009
all	1467	2	2260784	0.0000009
all	1468	6	2260784	0.0000027
all	1469	6	2260784	0.0000027
all	1470	2	2260784	0.0000009
all	1472	2	2260784	0.0000009
all	1473	1	2260784	0.0000004
all	1474	2	2260784	0.0000009
all	1475	5	2260784	0.0000022
all	1476	2	2260784	0.0000009
all	1477	4	2260784	0.0000018
all	1478	6	2260784	0.0000027
all	1479	7	2260784	0.0000031
all	1480	5	2260784	0.0000022
all	1481	3	2260784	0.0000013
all	1482	6	2260784	0.0000027
all	1484	2	2260784	0.0000009
all	1485	3	2260784	0.0000013
all	1486	2	2260784	0.0000009
all	1489	2	2260784	0.0000009
all	1490	1	2260784	0.0000004
all	1491	1	2260784	0.0000004
all	1494	3	2260784	0.0000013
all	1495	4	2260784	0.0000018
all	1496	2	2260784	0.0000009
all	1499	6	2260784	0.0000027
all	1501	1	2260784	0.0000004
all	1503	4	2260784	0.0000018
all	1504	4	2260784	0.0000018
all	1505	2	2260784	0.0000009
all	1506	3	2260784	0.0000013
all	1510	3	2260784	0.0000013
all	1511	1	2260784	0.0000004
all	1512	4	2260784	0.0000018
all	1513	2	2260784	0.0000009
all	1514	1	2260784	0.0000004
all	1520	1	2260784	0.0000004
all	1521	1	2260784	0.0000004
all	1523	1	2260784	0.0000004
all	1526	3	2260784	0.0000013
all	1528	1	2260784	0.0000004
all	1532	2	2260784	0.0000009
all	1534	4	2260784	0.0000018
all	1535	6	2260784	0.0000027
all	1539	1	2260784	0.0000004
all	1540	1	2260784	0.0000004
all	1541	5	2260784	0.0000022
all	1544	2	2260784	0.0000009
all	1547	2	2260784	0.0000009
all	1550	1	2260784	0.0000004
all	1551	2	2260784	0.0000009
all	1552	2	2260784	0.0000009
all	1556	4	2260784	0.0000018
all	1557	2	2260784	0.0000009
all	1560	3	2260784	0.0000013
all	1562	1	2260784	0.0000004
all	1563	2	2260784	0.0000009
all	1565	4	2260784	0.0000018
all	1566	1	2260784	0.0000004
all	1567	2	2260784	0.0000009
all	1569	3	2260784	0.0000013
all	1570	1	2260784	0.0000004
all	1571	2	2260784	0.0000009
all	1574	2	2260784	0.0000009
all	1580	2	2260784	0.0000009
all	1581	3	2260784	0.0000013
all	1583	3	2260784	0.0000013
all	1584	3	2260784	0.0000013
all	1586	3	2260784	0.0000013
all	1587	2	2260784	0.0000009
all	1588	4	2260784	0.0000018
all	1589	2	2260784	0.0000009
all	1590	1	2260784	0.0000004
all	1591	3	2260784	0.0000013
all	1592	2	2260784	0.0000009
all	1593	3	2260784	0.0000013
all	1594	2	2260784	0.0000009
all	1595	2	2260784	0.0000009
all	1596	3	2260784	0.0000013
all	1598	2	2260784	0.0000009
all	1599	3	2260784	0.0000013
all	1600	2	2260784	0.0000009
all	1601	2	2260784	0.0000009
all	1602	2	2260784	0.0000009
all	1604	1	2260784	0.0000004
all	1605	3	2260784	0.0000013
all	1606	2	2260784	0.0000009
all	1607	2	2260784	0.0000009
all	1609	2	2260784	0.0000009
all	1610	4	2260784	0.0000018
all	1611	2	2260784	0.0000009
all	1612	4	2260784	0.0000018
all	1613	3	2260784	0.0000013
all	1614	2	2260784	0.0000009
all	1615	2	2260784	0.0000009
all	1616	3	2260784	0.0000013
all	1617	4	2260784	0.0000018
all	1618	1	2260784	0.0000004
all	1619	2	2260784	0.0000009
all	1620	2	2260784	0.0000009
all	1621	1	2260784	0.0000004
all	1622	2	2260784	0.0000009
all	1623	2	2260784	0.0000009
all	1624	1	2260784	0.0000004
all	1625	2	2260784	0.0000009
all	1627	1	2260784	0.0000004
all	1628	1	2260784	0.0000004
all	1631	1	2260784	0.0000004
all	1632	1	2260784	0.0000004
all	1633	1	2260784	0.0000004
all	1635	1	2260784	0.0000004
all	1636	2	2260784	0.0000009
all	1637	2	2260784	0.0000009
all	1638	3	2260784	0.0000013
all	1639	2	2260784	0.0000009
all	1642	2	2260784	0.0000009
all	1647	2	2260784	0.0000009
all	1650	2	2260784	0.0000009
all	1651	2	2260784	0.0000009
all	1653	1	2260784	0.0000004
all	1654	1	2260784	0.0000004
all	1655	1	2260784	0.0000004
all	1656	3	2260784	0.0000013
all	1657	1	2260784	0.0000004
all	1658	1	2260784	0.0000004
all	1659	4	2260784	0.0000018
all	1660	1	2260784	0.0000004
all	1662	1	2260784	0.0000004
all	1665	2	2260784	0.0000009
all	1666	3	2260784	0.0000013
all	1669	2	2260784	0.0000009
all	1671	2	2260784	0.0000009
all	1672	1	2260784	0.0000004
all	1676	1	2260784	0.0000004
all	1677	2	2260784	0.0000009
all	1678	1	2260784	0.0000004
all	1680	1	2260784	0.0000004
all	1682	1	2260784	0.0000004
all	1685	2	2260784	0.0000009
all	1687	2	2260784	0.0000009
all	1688	1	2260784	0.0000004
all	1689	1	2260784	0.0000004
all	1690	2	2260784	0.0000009
all	1692	1	2260784	0.0000004
all	1695	2	2260784	0.0000009
all	1698	1	2260784	0.0000004
all	1703	1	2260784	0.0000004
all	1704	1	2260784	0.0000004
all	1705	1	2260784	0.0000004
all	1706	1	2260784	0.0000004
all	1708	2	2260784	0.0000009
all	1709	2	2260784	0.0000009
all	1710	1	2260784	0.0000004
all	1716	1	2260784	0.0000004
all	1719	1	2260784	0.0000004
all	1720	1	2260784	0.0000004
all	1721	1	2260784	0.0000004
all	1727	1	2260784	0.0000004
all	1731	3	2260784	0.0000013
all	1735	1	2260784	0.0000004
all	1737	1	2260784	0.0000004
all	1739	1	2260784	0.0000004
all	1740	1	2260784	0.0000004
all	1741	2	2260784	0.0000009
all	1742	2	2260784	0.0000009
all	1743	1	2260784	0.0000004
all	1744	2	2260784	0.0000009
all	1745	3	2260784	0.0000013
all	1749	1	2260784	0.0000004
all	1750	2	2260784	0.0000009
all	1751	1	2260784	0.0000004
all	1752	1	2260784	0.0000004
all	1753	2	2260784	0.0000009
all	1755	3	2260784	0.0000013
all	1758	1	2260784	0.0000004
all	1760	1	2260784	0.0000004
all	1768	2	2260784	0.0000009
all	1769	1	2260784	0.0000004
all	1771	2	2260784	0.0000009
all	1772	2	2260784	0.0000009
all	1773	2	2260784	0.0000009
all	1774	1	2260784	0.0000004
all	1778	2	2260784	0.0000009
all	1779	1	2260784	0.0000004
all	1781	2	2260784	0.0000009
all	1784	1	2260784	0.0000004
all	1786	1	2260784	0.0000004
all	1787	1	2260784	0.0000004
all	1794	1	2260784	0.0000004
all	1798	2	2260784	0.0000009
all	1799	1	2260784	0.0000004
all	1800	2	2260784	0.0000009
all	1801	1	2260784	0.0000004
all	1805	1	2260784	0.0000004
all	1807	4	2260784	0.0000018
all	1808	1	2260784	0.0000004
all	1812	3	2260784	0.0000013
all	1813	1	2260784	0.0000004
all	1814	1	2260784	0.0000004
all	1816	1	2260784	0.0000004
all	1818	1	2260784	0.0000004
all	1819	1	2260784	0.0000004
all	1820	1	2260784	0.0000004
all	1821	1	2260784	0.0000004
all	1823	1	2260784	0.0000004
all	1825	4	2260784	0.0000018
all	1826	5	2260784	0.0000022
all	1827	1	2260784	0.0000004
all	1830	1	2260784	0.0000004
all	1832	2	2260784	0.0000009
all	1845	1	2260784	0.0000004
all	1846	2	2260784	0.0000009
all	1851	2	2260784	0.0000009
all	1854	2	2260784	0.0000009
all	1857	1	2260784	0.0000004
all	1862	1	2260784	0.0000004
all	1869	2	2260784	0.0000009
all	1870	2	2260784	0.0000009
all	1877	1	2260784	0.0000004
all	1880	1	2260784	0.0000004
all	1881	3	2260784	0.0000013
all	1884	4	2260784	0.0000018
all	1885	1	2260784	0.0000004
all	1886	1	2260784	0.0000004
all	1889	2	2260784	0.0000009
all	1892	3	2260784	0.0000013
all	1895	1	2260784	0.0000004
all	1897	3	2260784	0.0000013
all	1898	2	2260784	0.0000009
all	1900	1	2260784	0.0000004
all	1904	1	2260784	0.0000004
all	1905	2	2260784	0.0000009
all	1907	1	2260784	0.0000004
all	1908	1	2260784	0.0000004
all	1911	2	2260784	0.0000009
all	1912	2	2260784	0.0000009
all	1916	2	2260784	0.0000009
all	1922	2	2260784	0.0000009
all	1923	1	2260784	0.0000004
all	1925	2	2260784	0.0000009
all	1929	1	2260784	0.0000004
all	1932	2	2260784	0.0000009
all	1937	2	2260784	0.0000009
all	1941	1	2260784	0.0000004
all	1943	1	2260784	0.0000004
all	1950	1	2260784	0.0000004
all	1951	2	2260784	0.0000009
all	1953	1	2260784	0.0000004
all	1963	2	2260784	0.0000009
all	1964	1	2260784	0.0000004
all	1967	1	2260784	0.0000004
all	1968	1	2260784	0.0000004
all	1986	1	2260784	0.0000004
all	1991	1	2260784	0.0000004
all	1993	2	2260784	0.0000009
all	1996	2	2260784	0.0000009
all	2001	2	2260784	0.0000009
all	2004	3	2260784	0.0000013
all	2007	1	2260784	0.0000004
all	2016	1	2260784	0.0000004
all	2019	1	2260784	0.0000004
all	2026	1	2260784	0.0000004
all	2036	1	2260784	0.0000004
all	2037	1	2260784	0.0000004
all	2038	2	2260784	0.0000009
all	2039	1	2260784	0.0000004
all	2045	1	2260784	0.0000004
all	2046	1	2260784	0.0000004
all	2051	1	2260784	0.0000004
all	2053	1	2260784	0.0000004
all	2059	3	2260784	0.0000013
all	2061	2	2260784	0.0000009
all	2063	2	2260784	0.0000009
all	2070	1	2260784	0.0000004
all	2079	2	2260784	0.0000009
all	2080	2	2260784	0.0000009
all	2083	2	2260784	0.0000009
all	2086	2	2260784	0.0000009
all	2095	1	2260784	0.0000004
all	2101	2	2260784	0.0000009
all	2111	2	2260784	0.0000009
all	2114	1	2260784	0.0000004
all	2122	1	2260784	0.0000004
all	2123	2	2260784	0.0000009
all	2126	2	2260784	0.0000009
all	2128	2	2260784	0.0000009
all	2131	1	2260784	0.0000004
all	2132	3	2260784	0.0000013
all	2133	2	2260784	0.0000009
all	2138	2	2260784	0.0000009
all	2139	2	2260784	0.0000009
all	2150	2	2260784	0.0000009
all	2152	2	2260784	0.0000009
all	2153	1	2260784	0.0000004
all	2158	1	2260784	0.0000004
all	2166	1	2260784	0.0000004
all	2168	2	2260784	0.0000009
all	2170	1	2260784	0.0000004
all	2171	1	2260784	0.0000004
all	2179	2	2260784	0.0000009
all	2185	2	2260784	0.0000009
all	2190	1	2260784	0.0000004
all	2195	2	2260784	0.0000009
all	2196	2	2260784	0.0000009
all	2199	1	2260784	0.0000004
all	2211	2	2260784	0.0000009
all	2213	2	2260784	0.0000009
all	2215	2	2260784	0.0000009
all	2216	2	2260784	0.0000009
all	2219	2	2260784	0.0000009
all	2220	4	2260784	0.0000018
all	2224	1	2260784	0.0000004
all	2227	2	2260784	0.0000009
all	2228	1	2260784	0.0000004
all	2234	2	2260784	0.0000009
all	2244	2	2260784	0.0000009
all	2250	2	2260784	0.0000009
all	2251	2	2260784	0.0000009
all	2253	6	2260784	0.0000027
all	2258	4	2260784	0.0000018
all	2261	4	2260784	0.0000018
all	2263	4	2260784	0.0000018
all	2266	2	2260784	0.0000009
all	2269	2	2260784	0.0000009
all	2271	1	2260784	0.0000004
all	2272	2	2260784	0.0000009
all	2273	4	2260784	0.0000018
all	2275	2	2260784	0.0000009
all	2281	2	2260784	0.0000009
all	2284	2	2260784	0.0000009
all	2286	4	2260784	0.0000018
all	2288	2	2260784	0.0000009
all	2290	2	2260784	0.0000009
all	2298	2	2260784	0.0000009
all	2300	2	2260784	0.0000009
all	2301	3	2260784	0.0000013
all	2304	3	2260784	0.0000013
all	2305	2	2260784	0.0000009
all	2307	2	2260784	0.0000009
all	2309	4	2260784	0.0000018
all	2311	4	2260784	0.0000018
all	2312	2	2260784	0.0000009
all	2313	2	2260784	0.0000009
all	2314	2	2260784	0.0000009
all	2315	2	2260784	0.0000009
all	2317	4	2260784	0.0000018
all	2318	2	2260784	0.0000009
all	2319	2	2260784	0.0000009
all	2321	1	2260784	0.0000004
all	2323	2	2260784	0.0000009
all	2324	2	2260784	0.0000009
all	2328	4	2260784	0.0000018
all	2330	4	2260784	0.0000018
all	2336	2	2260784	0.0000009
all	2337	2	2260784	0.0000009
all	2340	4	2260784	0.0000018
all	2342	4	2260784	0.0000018
all	2343	2	2260784	0.0000009
all	2348	2	2260784	0.0000009
all	2352	2	2260784	0.0000009
all	2355	2	2260784	0.0000009
all	2357	2	2260784	0.0000009
all	2358	2	2260784	0.0000009
all	2366	2	2260784	0.0000009
all	2381	2	2260784	0.0000009
all	2386	2	2260784	0.0000009
all	2388	2	2260784	0.0000009
all	2390	2	2260784	0.0000009
all	2399	2	2260784	0.0000009
all	2405	2	2260784	0.0000009
all	2411	1	2260784	0.0000004
all	2416	2	2260784	0.0000009
all	2424	2	2260784	0.0000009
all	2429	2	2260784	0.0000009
all	2430	2	2260784	0.0000009
all	2439	2	2260784	0.0000009
all	2441	2	2260784	0.0000009
all	2443	2	2260784	0.0000009
all	2444	2	2260784	0.0000009
all	2448	2	2260784	0.0000009
all	2451	2	2260784	0.0000009
all	2452	2	2260784	0.0000009
all	2453	2	2260784	0.0000009
all	2454	3	2260784	0.0000013
all	2459	2	2260784	0.0000009
all	2466	4	2260784	0.0000018
all	2473	5	2260784	0.0000022
all	2474	2	2260784	0.0000009
all	2475	2	2260784	0.0000009
all	2476	6	2260784	0.0000027
all	2479	4	2260784	0.0000018
all	2481	2	2260784	0.0000009
all	2483	2	2260784	0.0000009
all	2485	2	2260784	0.0000009
all	2487	2	2260784	0.0000009
all	2489	2	2260784	0.0000009
all	2495	2	2260784	0.0000009
all	2496	2	2260784	0.0000009
all	2498	2	2260784	0.0000009
all	2502	2	2260784	0.0000009
all	2505	2	2260784	0.0000009
all	2506	2	2260784	0.0000009
all	2508	2	2260784	0.0000009
all	2510	2	2260784	0.0000009
all	2511	2	2260784	0.0000009
all	2512	1	2260784	0.0000004
all	2513	2	2260784	0.0000009
all	2515	2	2260784	0.0000009
all	2519	2	2260784	0.0000009
all	2520	2	2260784	0.0000009
all	2521	2	2260784	0.0000009
all	2523	2	2260784	0.0000009
all	2524	2	2260784	0.0000009
all	2529	4	2260784	0.0000018
all	2530	2	2260784	0.0000009
all	2532	6	2260784	0.0000027
all	2535	4	2260784	0.0000018
all	2537	2	2260784	0.0000009
all	2539	2	2260784	0.0000009
all	2541	2	2260784	0.0000009
all	2542	2	2260784	0.0000009
all	2543	2	2260784	0.0000009
all	2545	2	2260784	0.0000009
all	2547	2	2260784	0.0000009
all	2548	2	2260784	0.0000009
all	2549	2	2260784	0.0000009
all	2550	2	2260784	0.0000009
all	2553	2	2260784	0.0000009
all	2556	2	2260784	0.0000009
all	2557	1	2260784	0.0000004
all	2558	2	2260784	0.0000009
all	2559	8	2260784	0.0000035
all	2561	2	2260784	0.0000009
all	2564	2	2260784	0.0000009
all	2565	2	2260784	0.0000009
all	2569	2	2260784	0.0000009
all	2571	2	2260784	0.0000009
all	2572	8	2260784	0.0000035
all	2573	2	2260784	0.0000009
all	2575	8	2260784	0.0000035
all	2577	6	2260784	0.0000027
all	2578	8	2260784	0.0000035
all	2579	2	2260784	0.0000009
all	2581	2	2260784	0.0000009
all	2582	4	2260784	0.0000018
all	2583	4	2260784	0.0000018
all	2584	2	2260784	0.0000009
all	2585	8	2260784	0.0000035
all	2586	6	2260784	0.0000027
all	2591	2	2260784	0.0000009
all	2593	1	2260784	0.0000004
all	2594	2	2260784	0.0000009
all	2596	2	2260784	0.0000009
all	2597	4	2260784	0.0000018
all	2599	2	2260784	0.0000009
all	2600	2	2260784	0.0000009
all	2602	2	2260784	0.0000009
all	2603	4	2260784	0.0000018
all	2604	2	2260784	0.0000009
all	2606	4	2260784	0.0000018
all	2609	2	2260784	0.0000009
all	2612	4	2260784	0.0000018
all	2613	4	2260784	0.0000018
all	2615	2	2260784	0.0000009
all	2616	2	2260784	0.0000009
all	2617	4	2260784	0.0000018
all	2618	4	2260784	0.0000018
all	2621	3	2260784	0.0000013
all	2622	6	2260784	0.0000027
all	2625	2	2260784	0.0000009
all	2626	4	2260784	0.0000018
all	2628	6	2260784	0.0000027
all	2632	8	2260784	0.0000035
all	2633	2	2260784	0.0000009
all	2634	2	2260784	0.0000009
all	2635	4	2260784	0.0000018
all	2637	4	2260784	0.0000018
all	2638	2	2260784	0.0000009
all	2641	4	2260784	0.0000018
all	2643	2	2260784	0.0000009
all	2644	4	2260784	0.0000018
all	2646	2	2260784	0.0000009
all	2650	2	2260784	0.0000009
all	2651	5	2260784	0.0000022
all	2652	5	2260784	0.0000022
all	2653	2	2260784	0.0000009
all	2654	2	2260784	0.0000009
all	2655	4	2260784	0.0000018
all	2657	4	2260784	0.0000018
all	2658	2	2260784	0.0000009
all	2659	2	2260784	0.0000009
all	2660	2	2260784	0.0000009
all	2661	4	2260784	0.0000018
all	2663	2	2260784	0.0000009
all	2664	2	2260784	0.0000009
all	2665	6	2260784	0.0000027
all	2666	2	2260784	0.0000009
all	2667	4	2260784	0.0000018
all	2669	2	2260784	0.0000009
all	2670	2	2260784	0.0000009
all	2671	2	2260784	0.0000009
all	2672	4	2260784	0.0000018
all	2673	2	2260784	0.0000009
all	2677	3	2260784	0.0000013
all	2678	4	2260784	0.0000018
all	2679	2	2260784	0.0000009
all	2680	2	2260784	0.0000009
all	2681	2	2260784	0.0000009
all	2683	7	2260784	0.0000031
all	2684	2	2260784	0.0000009
all	2687	4	2260784	0.0000018
all	2689	4	2260784	0.0000018
all	2690	4	2260784	0.0000018
all	2691	2	2260784	0.0000009
all	2694	2	2260784	0.0000009
all	2695	2	2260784	0.0000009
all	2697	3	2260784	0.0000013
all	2698	1	2260784	0.0000004
all	2699	2	2260784	0.0000009
all	2700	2	2260784	0.0000009
all	2701	2	2260784	0.0000009
all	2702	2	2260784	0.0000009
all	2703	6	2260784	0.0000027
all	2704	2	2260784	0.0000009
all	2705	2	2260784	0.0000009
all	2707	2	2260784	0.0000009
all	2708	3	2260784	0.0000013
all	2709	4	2260784	0.0000018
all	2710	4	2260784	0.0000018
all	2712	2	2260784	0.0000009
all	2714	1	2260784	0.0000004
all	2715	3	2260784	0.0000013
all	2717	2	2260784	0.0000009
all	2718	5	2260784	0.0000022
all	2719	2	2260784	0.0000009
all	2721	2	2260784	0.0000009
all	2722	3	2260784	0.0000013
all	2723	6	2260784	0.0000027
all	2724	2	2260784	0.0000009
all	2725	5	2260784	0.0000022
all	2726	2	2260784	0.0000009
all	2727	1	2260784	0.0000004
all	2728	1	2260784	0.0000004
all	2729	4	2260784	0.0000018
all	2731	2	2260784	0.0000009
all	2734	2	2260784	0.0000009
all	2735	2	2260784	0.0000009
all	2737	2	2260784	0.0000009
all	2738	2	2260784	0.0000009
all	2739	1	2260784	0.0000004
all	2741	2	2260784	0.0000009
all	2742	1	2260784	0.0000004
all	2743	2	2260784	0.0000009
all	2745	3	2260784	0.0000013
all	2746	2	2260784	0.0000009
all	2747	4	2260784	0.0000018
all	2749	5	2260784	0.0000022
all	2750	2	2260784	0.0000009
all	2751	3	2260784	0.0000013
all	2752	4	2260784	0.0000018
all	2753	1	2260784	0.0000004
all	2755	4	2260784	0.0000018
all	2756	4	2260784	0.0000018
all	2757	2	2260784	0.0000009
all	2758	4	2260784	0.0000018
all	2760	4	2260784	0.0000018
all	2762	2	2260784	0.0000009
all	2764	5	2260784	0.0000022
all	2765	3	2260784	0.0000013
all	2766	1	2260784	0.0000004
all	2769	1	2260784	0.0000004
all	2774	2	2260784	0.0000009
all	2775	2	2260784	0.0000009
all	2776	2	2260784	0.0000009
all	2785	5	2260784	0.0000022
all	2789	2	2260784	0.0000009
all	2792	2	2260784	0.0000009
all	2793	4	2260784	0.0000018
all	2795	2	2260784	0.0000009
all	2799	2	2260784	0.0000009
all	2800	2	2260784	0.0000009
all	2806	2	2260784	0.0000009
all	2808	1	2260784	0.0000004
all	2813	1	2260784	0.0000004
all	2817	1	2260784	0.0000004
all	2821	2	2260784	0.0000009
all	2824	2	2260784	0.0000009
all	2830	2	2260784	0.0000009
all	2831	1	2260784	0.0000004
all	2843	2	2260784	0.0000009
all	2847	2	2260784	0.0000009
all	2857	1	2260784	0.0000004
all	2871	1	2260784	0.0000004
all	2872	2	2260784	0.0000009
all	2889	1	2260784	0.0000004
all	2891	1	2260784	0.0000004
all	2906	2	2260784	0.0000009
all	2917	1	2260784	0.0000004
all	2922	2	2260784	0.0000009
all	2931	2	2260784	0.0000009
all	2934	1	2260784	0.0000004
all	2938	1	2260784	0.0000004
all	2946	1	2260784	0.0000004
all	2952	1	2260784	0.0000004
all	2956	2	2260784	0.0000009
all	2957	2	2260784	0.0000009
all	2970	1	2260784	0.0000004
all	2971	1	2260784	0.0000004
all	2973	2	2260784	0.0000009
all	2986	2	2260784	0.0000009
all	2989	1	2260784	0.0000004
all	2991	1	2260784	0.0000004
all	2993	2	2260784	0.0000009
all	2995	1	2260784	0.0000004
all	2999	2	2260784	0.0000009
all	3006	2	2260784	0.0000009
all	3008	2	2260784	0.0000009
all	3012	2	2260784	0.0000009
all	3023	3	2260784	0.0000013
all	3024	2	2260784	0.0000009
all	3027	2	2260784	0.0000009
all	3029	2	2260784	0.0000009
all	3031	2	2260784	0.0000009
all	3035	2	2260784	0.0000009
all	3036	1	2260784	0.0000004
all	3041	1	2260784	0.0000004
all	3050	2	2260784	0.0000009
all	3054	2	2260784	0.0000009
all	3055	2	2260784	0.0000009
all	3058	4	2260784	0.0000018
all	3061	2	2260784	0.0000009
all	3062	2	2260784	0.0000009
all	3065	5	2260784	0.0000022
all	3067	2	2260784	0.0000009
all	3070	1	2260784	0.0000004
all	3073	2	2260784	0.0000009
all	3076	2	2260784	0.0000009
all	3078	1	2260784	0.0000004
all	3080	4	2260784	0.0000018
all	3084	2	2260784	0.0000009
all	3086	4	2260784	0.0000018
all	3091	2	2260784	0.0000009
all	3093	2	2260784	0.0000009
all	3095	1	2260784	0.0000004
all	3100	2	2260784	0.0000009
all	3102	1	2260784	0.0000004
all	3108	2	2260784	0.0000009
all	3110	2	2260784	0.0000009
all	3118	1	2260784	0.0000004
all	3131	2	2260784	0.0000009
all	3136	1	2260784	0.0000004
all	3152	1	2260784	0.0000004
all	3157	2	2260784	0.0000009
all	3158	2	2260784	0.0000009
all	3161	2	2260784	0.0000009
all	3163	2	2260784	0.0000009
all	3164	1	2260784	0.0000004
all	3167	2	2260784	0.0000009
all	3170	1	2260784	0.0000004
all	3180	2	2260784	0.0000009
all	3181	2	2260784	0.0000009
all	3184	2	2260784	0.0000009
all	3186	1	2260784	0.0000004
all	3188	2	2260784	0.0000009
all	3197	2	2260784	0.0000009
all	3200	1	2260784	0.0000004
all	3202	1	2260784	0.0000004
all	3208	2	2260784	0.0000009
all	3217	2	2260784	0.0000009
all	3220	2	2260784	0.0000009
all	3224	1	2260784	0.0000004
all	3237	3	2260784	0.0000013
all	3242	1	2260784	0.0000004
all	3244	2	2260784	0.0000009
all	3251	2	2260784	0.0000009
all	3262	2	2260784	0.0000009
all	3281	1	2260784	0.0000004
all	3283	2	2260784	0.0000009
all	3286	2	2260784	0.0000009
all	3289	2	2260784	0.0000009
all	3296	1	2260784	0.0000004
all	3297	2	2260784	0.0000009
all	3300	2	2260784	0.0000009
all	3303	2	2260784	0.0000009
all	3306	3	2260784	0.0000013
all	3307	1	2260784	0.0000004
all	3314	2	2260784	0.0000009
all	3315	2	2260784	0.0000009
all	3316	2	2260784	0.0000009
all	3319	1	2260784	0.0000004
all	3322	4	2260784	0.0000018
all	3327	2	2260784	0.0000009
all	3334	1	2260784	0.0000004
all	3337	2	2260784	0.0000009
all	3338	3	2260784	0.0000013
all	3340	2	2260784	0.0000009
all	3347	4	2260784	0.0000018
all	3354	2	2260784	0.0000009
all	3357	2	2260784	0.0000009
all	3367	2	2260784	0.0000009
all	3369	1	2260784	0.0000004
all	3372	2	2260784	0.0000009
all	3373	1	2260784	0.0000004
all	3378	2	2260784	0.0000009
all	3379	1	2260784	0.0000004
all	3382	2	2260784	0.0000009
all	3385	2	2260784	0.0000009
all	3389	2	2260784	0.0000009
all	3391	1	2260784	0.0000004
all	3394	2	2260784	0.0000009
all	3395	1	2260784	0.0000004
all	3398	2	2260784	0.0000009
all	3404	1	2260784	0.0000004
all	3409	3	2260784	0.0000013
all	3410	1	2260784	0.0000004
all	3414	1	2260784	0.0000004
all	3428	2	2260784	0.0000009
all	3432	1	2260784	0.0000004
all	3437	1	2260784	0.0000004
all	3452	2	2260784	0.0000009
all	3463	2	2260784	0.0000009
all	3465	1	2260784	0.0000004
all	3475	1	2260784	0.0000004
all	3479	1	2260784	0.0000004
all	3480	2	2260784	0.0000009
all	3483	1	2260784	0.0000004
all	3484	1	2260784	0.0000004
all	3492	1	2260784	0.0000004
all	3493	1	2260784	0.0000004
all	3495	2	2260784	0.0000009
all	3497	2	2260784	0.0000009
all	3504	1	2260784	0.0000004
all	3505	1	2260784	0.0000004
all	3515	1	2260784	0.0000004
all	3522	1	2260784	0.0000004
all	3530	2	2260784	0.0000009
all	3532	1	2260784	0.0000004
all	3534	1	2260784	0.0000004
all	3536	2	2260784	0.0000009
all	3539	2	2260784	0.0000009
all	3545	1	2260784	0.0000004
all	3561	2	2260784	0.0000009
all	3562	2	2260784	0.0000009
all	3569	2	2260784	0.0000009
all	3570	2	2260784	0.0000009
all	3580	2	2260784	0.0000009
all	3585	1	2260784	0.0000004
all	3586	1	2260784	0.0000004
all	3587	1	2260784	0.0000004
all	3589	2	2260784	0.0000009
all	3591	2	2260784	0.0000009
all	3600	2	2260784	0.0000009
all	3613	2	2260784	0.0000009
all	3619	2	2260784	0.0000009
all	3621	2	2260784	0.0000009
all	3624	1	2260784	0.0000004
all	3632	2	2260784	0.0000009
all	3634	2	2260784	0.0000009
all	3637	2	2260784	0.0000009
all	3643	2	2260784	0.0000009
all	3649	2	2260784	0.0000009
all	3654	1	2260784	0.0000004
all	3658	1	2260784	0.0000004
all	3665	2	2260784	0.0000009
all	3666	1	2260784	0.0000004
all	3668	2	2260784	0.0000009
all	3675	2	2260784	0.0000009
all	3681	1	2260784	0.0000004
all	3682	2	2260784	0.0000009
all	3684	2	2260784	0.0000009
all	3691	2	2260784	0.0000009
all	3693	2	2260784	0.0000009
all	3694	2	2260784	0.0000009
all	3695	2	2260784	0.0000009
all	3698	2	2260784	0.0000009
all	3705	2	2260784	0.0000009
all	3707	1	2260784	0.0000004
all	3710	2	2260784	0.0000009
all	3712	2	2260784	0.0000009
all	3713	2	2260784	0.0000009
all	3717	3	2260784	0.0000013
all	3722	2	2260784	0.0000009
all	3726	1	2260784	0.0000004
all	3730	2	2260784	0.0000009
all	3733	2	2260784	0.0000009
all	3734	3	2260784	0.0000013
all	3737	2	2260784	0.0000009
all	3742	4	2260784	0.0000018
all	3745	2	2260784	0.0000009
all	3759	2	2260784	0.0000009
all	3769	2	2260784	0.0000009
all	3773	2	2260784	0.0000009
all	3777	2	2260784	0.0000009
all	3784	2	2260784	0.0000009
all	3785	2	2260784	0.0000009
all	3787	2	2260784	0.0000009
all	3795	2	2260784	0.0000009
all	3796	2	2260784	0.0000009
all	3797	2	2260784	0.0000009
all	3798	2	2260784	0.0000009
all	3801	2	2260784	0.0000009
all	3802	2	2260784	0.0000009
all	3804	4	2260784	0.0000018
all	3808	2	2260784	0.0000009
all	3810	6	2260784	0.0000027
all	3812	2	2260784	0.0000009
all	3813	2	2260784	0.0000009
all	3814	2	2260784	0.0000009
all	3815	2	2260784	0.0000009
all	3822	2	2260784	0.0000009
all	3823	2	2260784	0.0000009
all	3824	2	2260784	0.0000009
all	3825	2	2260784	0.0000009
all	3828	2	2260784	0.0000009
all	3829	2	2260784	0.0000009
all	3832	2	2260784	0.0000009
all	3841	4	2260784	0.0000018
all	3843	2	2260784	0.0000009
all	3848	2	2260784	0.0000009
all	3849	2	2260784	0.0000009
all	3850	4	2260784	0.0000018
all	3851	6	2260784	0.0000027
all	3852	2	2260784	0.0000009
all	3859	2	2260784	0.0000009
all	3860	2	2260784	0.0000009
all	3877	2	2260784	0.0000009
all	3885	2	2260784	0.0000009
all	3895	2	2260784	0.0000009
all	3911	2	2260784	0.0000009
all	3916	2	2260784	0.0000009
all	3917	2	2260784	0.0000009
all	3918	2	2260784	0.0000009
all	3919	2	2260784	0.0000009
all	3928	4	2260784	0.0000018
all	3961	2	2260784	0.0000009
all	3966	2	2260784	0.0000009
all	3999	2	2260784	0.0000009
all	4000	4	2260784	0.0000018
all	4008	4	2260784	0.0000018
all	4016	2	2260784	0.0000009
