all	0	174554	2260784	0.0772095
all	1	34602	2260784	0.0153053
all	2	25735	2260784	0.0113832
all	3	22549	2260784	0.0099740
all	4	19094	2260784	0.0084457
all	5	18943	2260784	0.0083790
all	6	17676	2260784	0.0078185
all	7	17370	2260784	0.0076832
all	8	15737	2260784	0.0069609
all	9	15003	2260784	0.0066362
all	10	15905	2260784	0.0070352
all	11	14521	2260784	0.0064230
all	12	13904	2260784	0.0061501
all	13	12869	2260784	0.0056923
all	14	12492	2260784	0.0055255
all	15	12181	2260784	0.0053880
all	16	11973	2260784	0.0052960
all	17	11937	2260784	0.0052800
all	18	11988	2260784	0.0053026
all	19	12454	2260784	0.0055087
all	20	11589	2260784	0.0051261
all	21	11213	2260784	0.0049598
all	22	11318	2260784	0.0050062
all	23	11067	2260784	0.0048952
all	24	11302	2260784	0.0049992
all	25	10705	2260784	0.0047351
all	26	10935	2260784	0.0048368
all	27	10456	2260784	0.0046249
all	28	10446	2260784	0.0046205
all	29	10058	2260784	0.0044489
all	30	10254	2260784	0.0045356
all	31	9950	2260784	0.0044011
all	32	10168	2260784	0.0044976
all	33	9746	2260784	0.0043109
all	34	9461	2260784	0.0041848
all	35	9653	2260784	0.0042698
all	36	9768	2260784	0.0043206
all	37	9650	2260784	0.0042684
all	38	9664	2260784	0.0042746
all	39	9340	2260784	0.0041313
all	40	9700	2260784	0.0042905
all	41	9553	2260784	0.0042255
all	42	9202	2260784	0.0040703
all	43	9477	2260784	0.0041919
all	44	9284	2260784	0.0041065
all	45	8820	2260784	0.0039013
all	46	8822	2260784	0.0039022
all	47	8834	2260784	0.0039075
all	48	8741	2260784	0.0038664
all	49	8849	2260784	0.0039141
all	50	8987	2260784	0.0039752
all	51	8521	2260784	0.0037690
all	52	8668	2260784	0.0038341
all	53	8401	2260784	0.0037160
all	54	8476	2260784	0.0037491
all	55	8382	2260784	0.0037076
all	56	8226	2260784	0.0036386
all	57	7910	2260784	0.0034988
all	58	8278	2260784	0.0036616
all	59	8168	2260784	0.0036129
all	60	8122	2260784	0.0035926
all	61	8003	2260784	0.0035399
all	62	8000	2260784	0.0035386
all	63	7572	2260784	0.0033493
all	64	8227	2260784	0.0036390
all	65	8152	2260784	0.0036058
all	66	7534	2260784	0.0033325
all	67	7672	2260784	0.0033935
all	68	7556	2260784	0.0033422
all	69	7828	2260784	0.0034625
all	70	7611	2260784	0.0033665
all	71	7670	2260784	0.0033926
all	72	7513	2260784	0.0033232
all	73	7394	2260784	0.0032705
all	74	7444	2260784	0.0032927
all	75	7628	2260784	0.0033741
all	76	7509	2260784	0.0033214
all	77	7455	2260784	0.0032975
all	78	7509	2260784	0.0033214
all	79	7082	2260784	0.0031325
all	80	7398	2260784	0.0032723
all	81	7247	2260784	0.0032055
all	82	7165	2260784	0.0031693
all	83	7368	2260784	0.0032590
all	84	7319	2260784	0.0032374
all	85	7080	2260784	0.0031317
all	86	6961	2260784	0.0030790
all	87	7027	2260784	0.0031082
all	88	7004	2260784	0.0030980
all	89	7164	2260784	0.0031688
all	90	7239	2260784	0.0032020
all	91	7365	2260784	0.0032577
all	92	7018	2260784	0.0031042
all	93	7073	2260784	0.0031286
all	94	6979	2260784	0.0030870
all	95	6887	2260784	0.0030463
all	96	6536	2260784	0.0028910
all	97	6636	2260784	0.0029353
all	98	6619	2260784	0.0029277
all	99	6772	2260784	0.0029954
all	100	6510	2260784	0.0028795
all	101	6771	2260784	0.0029950
all	102	6875	2260784	0.0030410
all	103	6722	2260784	0.0029733
all	104	6587	2260784	0.0029136
all	105	6632	2260784	0.0029335
all	106	6622	2260784	0.0029291
all	107	6465	2260784	0.0028596
all	108	6651	2260784	0.0029419
all	109	6443	2260784	0.0028499
all	110	6562	2260784	0.0029025
all	111	6221	2260784	0.0027517
all	112	6684	2260784	0.0029565
all	113	6402	2260784	0.0028318
all	114	6566	2260784	0.0029043
all	115	6470	2260784	0.0028618
all	116	6137	2260784	0.0027145
all	117	6052	2260784	0.0026769
all	118	6061	2260784	0.0026809
all	119	6136	2260784	0.0027141
all	120	6062	2260784	0.0026814
all	121	6055	2260784	0.0026783
all	122	6161	2260784	0.0027252
all	123	5837	2260784	0.0025818
all	124	5787	2260784	0.0025597
all	125	5639	2260784	0.0024943
all	126	5724	2260784	0.0025319
all	127	5950	2260784	0.0026318
all	128	5563	2260784	0.0024607
all	129	5800	2260784	0.0025655
all	130	5600	2260784	0.0024770
all	131	5815	2260784	0.0025721
all	132	5633	2260784	0.0024916
all	133	5512	2260784	0.0024381
all	134	5694	2260784	0.0025186
all	135	5712	2260784	0.0025266
all	136	5740	2260784	0.0025389
all	137	5521	2260784	0.0024421
all	138	5596	2260784	0.0024752
all	139	5470	2260784	0.0024195
all	140	5501	2260784	0.0024332
all	141	5439	2260784	0.0024058
all	142	5414	2260784	0.0023947
all	143	5373	2260784	0.0023766
all	144	5446	2260784	0.0024089
all	145	5463	2260784	0.0024164
all	146	5426	2260784	0.0024001
all	147	5330	2260784	0.0023576
all	148	5018	2260784	0.0022196
all	149	5300	2260784	0.0023443
all	150	5247	2260784	0.0023209
all	151	5270	2260784	0.0023310
all	152	5045	2260784	0.0022315
all	153	5045	2260784	0.0022315
all	154	5217	2260784	0.0023076
all	155	5138	2260784	0.0022727
all	156	5299	2260784	0.0023439
all	157	5134	2260784	0.0022709
all	158	5066	2260784	0.0022408
all	159	5160	2260784	0.0022824
all	160	5037	2260784	0.0022280
all	161	5025	2260784	0.0022227
all	162	5052	2260784	0.0022346
all	163	5115	2260784	0.0022625
all	164	4946	2260784	0.0021877
all	165	5071	2260784	0.0022430
all	166	4943	2260784	0.0021864
all	167	4834	2260784	0.0021382
all	168	4758	2260784	0.0021046
all	169	4748	2260784	0.0021002
all	170	4677	2260784	0.0020688
all	171	4672	2260784	0.0020665
all	172	4580	2260784	0.0020258
all	173	4389	2260784	0.0019414
all	174	4581	2260784	0.0020263
all	175	4610	2260784	0.0020391
all	176	4438	2260784	0.0019630
all	177	4399	2260784	0.0019458
all	178	4430	2260784	0.0019595
all	179	4372	2260784	0.0019338
all	180	4255	2260784	0.0018821
all	181	4132	2260784	0.0018277
all	182	4281	2260784	0.0018936
all	183	4226	2260784	0.0018693
all	184	4296	2260784	0.0019002
all	185	4252	2260784	0.0018808
all	186	4330	2260784	0.0019153
all	187	4279	2260784	0.0018927
all	188	4074	2260784	0.0018020
all	189	4253	2260784	0.0018812
all	190	4304	2260784	0.0019038
all	191	4237	2260784	0.0018741
all	192	4145	2260784	0.0018334
all	193	4194	2260784	0.0018551
all	194	4374	2260784	0.0019347
all	195	4162	2260784	0.0018410
all	196	4217	2260784	0.0018653
all	197	4110	2260784	0.0018180
all	198	4350	2260784	0.0019241
all	199	4146	2260784	0.0018339
all	200	4047	2260784	0.0017901
all	201	4101	2260784	0.0018140
all	202	3974	2260784	0.0017578
all	203	3808	2260784	0.0016844
all	204	4133	2260784	0.0018281
all	205	3975	2260784	0.0017582
all	206	3944	2260784	0.0017445
all	207	3980	2260784	0.0017605
all	208	3945	2260784	0.0017450
all	209	3900	2260784	0.0017251
all	210	3857	2260784	0.0017060
all	211	4083	2260784	0.0018060
all	212	3720	2260784	0.0016454
all	213	3654	2260784	0.0016163
all	214	3822	2260784	0.0016906
all	215	3920	2260784	0.0017339
all	216	3665	2260784	0.0016211
all	217	3780	2260784	0.0016720
all	218	3719	2260784	0.0016450
all	219	3624	2260784	0.0016030
all	220	3719	2260784	0.0016450
all	221	3643	2260784	0.0016114
all	222	3503	2260784	0.0015495
all	223	3676	2260784	0.0016260
all	224	3671	2260784	0.0016238
all	225	3452	2260784	0.0015269
all	226	3468	2260784	0.0015340
all	227	3386	2260784	0.0014977
all	228	3480	2260784	0.0015393
all	229	3352	2260784	0.0014827
all	230	3371	2260784	0.0014911
all	231	3329	2260784	0.0014725
all	232	3369	2260784	0.0014902
all	233	3336	2260784	0.0014756
all	234	3332	2260784	0.0014738
all	235	3507	2260784	0.0015512
all	236	3336	2260784	0.0014756
all	237	3248	2260784	0.0014367
all	238	3234	2260784	0.0014305
all	239	3137	2260784	0.0013876
all	240	3126	2260784	0.0013827
all	241	3215	2260784	0.0014221
all	242	3167	2260784	0.0014008
all	243	3049	2260784	0.0013486
all	244	3145	2260784	0.0013911
all	245	3204	2260784	0.0014172
all	246	3148	2260784	0.0013924
all	247	3153	2260784	0.0013946
all	248	3049	2260784	0.0013486
all	249	3108	2260784	0.0013747
all	250	3092	2260784	0.0013677
all	251	3102	2260784	0.0013721
all	252	3026	2260784	0.0013385
all	253	3014	2260784	0.0013332
all	254	2951	2260784	0.0013053
all	255	2967	2260784	0.0013124
all	256	3022	2260784	0.0013367
all	257	2897	2260784	0.0012814
all	258	3013	2260784	0.0013327
all	259	2855	2260784	0.0012628
all	260	2823	2260784	0.0012487
all	261	2795	2260784	0.0012363
all	262	2878	2260784	0.0012730
all	263	2928	2260784	0.0012951
all	264	2703	2260784	0.0011956
all	265	2693	2260784	0.0011912
all	266	2810	2260784	0.0012429
all	267	2700	2260784	0.0011943
all	268	2732	2260784	0.0012084
all	269	2717	2260784	0.0012018
all	270	2732	2260784	0.0012084
all	271	2595	2260784	0.0011478
all	272	2640	2260784	0.0011677
all	273	2803	2260784	0.0012398
all	274	2626	2260784	0.0011615
all	275	2558	2260784	0.0011315
all	276	2689	2260784	0.0011894
all	277	2487	2260784	0.0011001
all	278	2468	2260784	0.0010917
all	279	2441	2260784	0.0010797
all	280	2526	2260784	0.0011173
all	281	2342	2260784	0.0010359
all	282	2444	2260784	0.0010810
all	283	2202	2260784	0.0009740
all	284	2418	2260784	0.0010695
all	285	2244	2260784	0.0009926
all	286	2207	2260784	0.0009762
all	287	2272	2260784	0.0010050
all	288	2121	2260784	0.0009382
all	289	2236	2260784	0.0009890
all	290	2083	2260784	0.0009214
all	291	2074	2260784	0.0009174
all	292	2101	2260784	0.0009293
all	293	2069	2260784	0.0009152
all	294	2124	2260784	0.0009395
all	295	2218	2260784	0.0009811
all	296	2131	2260784	0.0009426
all	297	2161	2260784	0.0009559
all	298	2151	2260784	0.0009514
all	299	1974	2260784	0.0008731
all	300	2096	2260784	0.0009271
all	301	2277	2260784	0.0010072
all	302	2081	2260784	0.0009205
all	303	2163	2260784	0.0009567
all	304	2020	2260784	0.0008935
all	305	1946	2260784	0.0008608
all	306	2056	2260784	0.0009094
all	307	2065	2260784	0.0009134
all	308	1950	2260784	0.0008625
all	309	1937	2260784	0.0008568
all	310	1913	2260784	0.0008462
all	311	1873	2260784	0.0008285
all	312	1985	2260784	0.0008780
all	313	1836	2260784	0.0008121
all	314	1948	2260784	0.0008616
all	315	1903	2260784	0.0008417
all	316	1914	2260784	0.0008466
all	317	1919	2260784	0.0008488
all	318	1844	2260784	0.0008156
all	319	1675	2260784	0.0007409
all	320	1883	2260784	0.0008329
all	321	1874	2260784	0.0008289
all	322	1765	2260784	0.0007807
all	323	1803	2260784	0.0007975
all	324	1831	2260784	0.0008099
all	325	1786	2260784	0.0007900
all	326	1854	2260784	0.0008201
all	327	1734	2260784	0.0007670
all	328	1787	2260784	0.0007904
all	329	1701	2260784	0.0007524
all	330	1807	2260784	0.0007993
all	331	1697	2260784	0.0007506
all	332	1569	2260784	0.0006940
all	333	1616	2260784	0.0007148
all	334	1502	2260784	0.0006644
all	335	1572	2260784	0.0006953
all	336	1547	2260784	0.0006843
all	337	1507	2260784	0.0006666
all	338	1617	2260784	0.0007152
all	339	1578	2260784	0.0006980
all	340	1576	2260784	0.0006971
all	341	1539	2260784	0.0006807
all	342	1476	2260784	0.0006529
all	343	1623	2260784	0.0007179
all	344	1533	2260784	0.0006781
all	345	1498	2260784	0.0006626
all	346	1483	2260784	0.0006560
all	347	1489	2260784	0.0006586
all	348	1448	2260784	0.0006405
all	349	1379	2260784	0.0006100
all	350	1421	2260784	0.0006285
all	351	1409	2260784	0.0006232
all	352	1459	2260784	0.0006454
all	353	1338	2260784	0.0005918
all	354	1486	2260784	0.0006573
all	355	1424	2260784	0.0006299
all	356	1480	2260784	0.0006546
all	357	1358	2260784	0.0006007
all	358	1240	2260784	0.0005485
all	359	1342	2260784	0.0005936
all	360	1366	2260784	0.0006042
all	361	1212	2260784	0.0005361
all	362	1195	2260784	0.0005286
all	363	1246	2260784	0.0005511
all	364	1286	2260784	0.0005688
all	365	1196	2260784	0.0005290
all	366	1225	2260784	0.0005418
all	367	1325	2260784	0.0005861
all	368	1281	2260784	0.0005666
all	369	1231	2260784	0.0005445
all	370	1266	2260784	0.0005600
all	371	1235	2260784	0.0005463
all	372	1232	2260784	0.0005449
all	373	1180	2260784	0.0005219
all	374	1078	2260784	0.0004768
all	375	1223	2260784	0.0005410
all	376	1170	2260784	0.0005175
all	377	1197	2260784	0.0005295
all	378	1127	2260784	0.0004985
all	379	1132	2260784	0.0005007
all	380	1034	2260784	0.0004574
all	381	1170	2260784	0.0005175
all	382	1094	2260784	0.0004839
all	383	1125	2260784	0.0004976
all	384	1156	2260784	0.0005113
all	385	1049	2260784	0.0004640
all	386	1040	2260784	0.0004600
all	387	982	2260784	0.0004344
all	388	1118	2260784	0.0004945
all	389	1180	2260784	0.0005219
all	390	1047	2260784	0.0004631
all	391	1047	2260784	0.0004631
all	392	1080	2260784	0.0004777
all	393	1052	2260784	0.0004653
all	394	1032	2260784	0.0004565
all	395	1074	2260784	0.0004751
all	396	1011	2260784	0.0004472
all	397	983	2260784	0.0004348
all	398	1014	2260784	0.0004485
all	399	1026	2260784	0.0004538
all	400	978	2260784	0.0004326
all	401	1032	2260784	0.0004565
all	402	1020	2260784	0.0004512
all	403	988	2260784	0.0004370
all	404	921	2260784	0.0004074
all	405	916	2260784	0.0004052
all	406	954	2260784	0.0004220
all	407	998	2260784	0.0004414
all	408	951	2260784	0.0004207
all	409	955	2260784	0.0004224
all	410	871	2260784	0.0003853
all	411	991	2260784	0.0004383
all	412	939	2260784	0.0004153
all	413	953	2260784	0.0004215
all	414	923	2260784	0.0004083
all	415	939	2260784	0.0004153
all	416	944	2260784	0.0004176
all	417	897	2260784	0.0003968
all	418	946	2260784	0.0004184
all	419	819	2260784	0.0003623
all	420	853	2260784	0.0003773
all	421	912	2260784	0.0004034
all	422	876	2260784	0.0003875
all	423	856	2260784	0.0003786
all	424	805	2260784	0.0003561
all	425	774	2260784	0.0003424
all	426	816	2260784	0.0003609
all	427	814	2260784	0.0003601
all	428	910	2260784	0.0004025
all	429	742	2260784	0.0003282
all	430	733	2260784	0.0003242
all	431	796	2260784	0.0003521
all	432	752	2260784	0.0003326
all	433	742	2260784	0.0003282
all	434	735	2260784	0.0003251
all	435	729	2260784	0.0003225
all	436	766	2260784	0.0003388
all	437	749	2260784	0.0003313
all	438	730	2260784	0.0003229
all	439	711	2260784	0.0003145
all	440	691	2260784	0.0003056
all	441	780	2260784	0.0003450
all	442	661	2260784	0.0002924
all	443	704	2260784	0.0003114
all	444	776	2260784	0.0003432
all	445	649	2260784	0.0002871
all	446	649	2260784	0.0002871
all	447	644	2260784	0.0002849
all	448	717	2260784	0.0003171
all	449	725	2260784	0.0003207
all	450	665	2260784	0.0002941
all	451	648	2260784	0.0002866
all	452	659	2260784	0.0002915
all	453	672	2260784	0.0002972
all	454	587	2260784	0.0002596
all	455	591	2260784	0.0002614
all	456	574	2260784	0.0002539
all	457	593	2260784	0.0002623
all	458	571	2260784	0.0002526
all	459	554	2260784	0.0002450
all	460	556	2260784	0.0002459
all	461	564	2260784	0.0002495
all	462	535	2260784	0.0002366
all	463	449	2260784	0.0001986
all	464	535	2260784	0.0002366
all	465	577	2260784	0.0002552
all	466	513	2260784	0.0002269
all	467	465	2260784	0.0002057
all	468	529	2260784	0.0002340
all	469	475	2260784	0.0002101
all	470	503	2260784	0.0002225
all	471	544	2260784	0.0002406
all	472	467	2260784	0.0002066
all	473	483	2260784	0.0002136
all	474	471	2260784	0.0002083
all	475	381	2260784	0.0001685
all	476	455	2260784	0.0002013
all	477	444	2260784	0.0001964
all	478	426	2260784	0.0001884
all	479	436	2260784	0.0001929
all	480	414	2260784	0.0001831
all	481	381	2260784	0.0001685
all	482	421	2260784	0.0001862
all	483	418	2260784	0.0001849
all	484	397	2260784	0.0001756
all	485	405	2260784	0.0001791
all	486	400	2260784	0.0001769
all	487	323	2260784	0.0001429
all	488	408	2260784	0.0001805
all	489	406	2260784	0.0001796
all	490	356	2260784	0.0001575
all	491	355	2260784	0.0001570
all	492	398	2260784	0.0001760
all	493	402	2260784	0.0001778
all	494	361	2260784	0.0001597
all	495	422	2260784	0.0001867
all	496	393	2260784	0.0001738
all	497	329	2260784	0.0001455
all	498	310	2260784	0.0001371
all	499	347	2260784	0.0001535
all	500	355	2260784	0.0001570
all	501	345	2260784	0.0001526
all	502	335	2260784	0.0001482
all	503	336	2260784	0.0001486
all	504	359	2260784	0.0001588
all	505	342	2260784	0.0001513
all	506	383	2260784	0.0001694
all	507	329	2260784	0.0001455
all	508	346	2260784	0.0001530
all	509	317	2260784	0.0001402
all	510	296	2260784	0.0001309
all	511	331	2260784	0.0001464
all	512	352	2260784	0.0001557
all	513	323	2260784	0.0001429
all	514	296	2260784	0.0001309
all	515	272	2260784	0.0001203
all	516	307	2260784	0.0001358
all	517	340	2260784	0.0001504
all	518	320	2260784	0.0001415
all	519	315	2260784	0.0001393
all	520	320	2260784	0.0001415
all	521	299	2260784	0.0001323
all	522	295	2260784	0.0001305
all	523	302	2260784	0.0001336
all	524	294	2260784	0.0001300
all	525	325	2260784	0.0001438
all	526	354	2260784	0.0001566
all	527	369	2260784	0.0001632
all	528	361	2260784	0.0001597
all	529	312	2260784	0.0001380
all	530	361	2260784	0.0001597
all	531	305	2260784	0.0001349
all	532	339	2260784	0.0001499
all	533	315	2260784	0.0001393
all	534	275	2260784	0.0001216
all	535	340	2260784	0.0001504
all	536	297	2260784	0.0001314
all	537	276	2260784	0.0001221
all	538	329	2260784	0.0001455
all	539	309	2260784	0.0001367
all	540	278	2260784	0.0001230
all	541	263	2260784	0.0001163
all	542	253	2260784	0.0001119
all	543	235	2260784	0.0001039
all	544	230	2260784	0.0001017
all	545	222	2260784	0.0000982
all	546	285	2260784	0.0001261
all	547	308	2260784	0.0001362
all	548	261	2260784	0.0001154
all	549	255	2260784	0.0001128
all	550	285	2260784	0.0001261
all	551	264	2260784	0.0001168
all	552	273	2260784	0.0001208
all	553	249	2260784	0.0001101
all	554	233	2260784	0.0001031
all	555	277	2260784	0.0001225
all	556	247	2260784	0.0001093
all	557	247	2260784	0.0001093
all	558	209	2260784	0.0000924
all	559	228	2260784	0.0001008
all	560	216	2260784	0.0000955
all	561	200	2260784	0.0000885
all	562	209	2260784	0.0000924
all	563	172	2260784	0.0000761
all	564	193	2260784	0.0000854
all	565	178	2260784	0.0000787
all	566	195	2260784	0.0000863
all	567	170	2260784	0.0000752
all	568	204	2260784	0.0000902
all	569	209	2260784	0.0000924
all	570	196	2260784	0.0000867
all	571	171	2260784	0.0000756
all	572	196	2260784	0.0000867
all	573	187	2260784	0.0000827
all	574	163	2260784	0.0000721
all	575	201	2260784	0.0000889
all	576	193	2260784	0.0000854
all	577	173	2260784	0.0000765
all	578	199	2260784	0.0000880
all	579	180	2260784	0.0000796
all	580	174	2260784	0.0000770
all	581	191	2260784	0.0000845
all	582	162	2260784	0.0000717
all	583	173	2260784	0.0000765
all	584	189	2260784	0.0000836
all	585	183	2260784	0.0000809
all	586	138	2260784	0.0000610
all	587	164	2260784	0.0000725
all	588	179	2260784	0.0000792
all	589	165	2260784	0.0000730
all	590	203	2260784	0.0000898
all	591	165	2260784	0.0000730
all	592	146	2260784	0.0000646
all	593	178	2260784	0.0000787
all	594	154	2260784	0.0000681
all	595	169	2260784	0.0000748
all	596	172	2260784	0.0000761
all	597	160	2260784	0.0000708
all	598	138	2260784	0.0000610
all	599	164	2260784	0.0000725
all	600	166	2260784	0.0000734
all	601	138	2260784	0.0000610
all	602	145	2260784	0.0000641
all	603	170	2260784	0.0000752
all	604	153	2260784	0.0000677
all	605	163	2260784	0.0000721
all	606	115	2260784	0.0000509
all	607	127	2260784	0.0000562
all	608	149	2260784	0.0000659
all	609	120	2260784	0.0000531
all	610	161	2260784	0.0000712
all	611	138	2260784	0.0000610
all	612	137	2260784	0.0000606
all	613	115	2260784	0.0000509
all	614	122	2260784	0.0000540
all	615	158	2260784	0.0000699
all	616	123	2260784	0.0000544
all	617	146	2260784	0.0000646
all	618	151	2260784	0.0000668
all	619	130	2260784	0.0000575
all	620	148	2260784	0.0000655
all	621	160	2260784	0.0000708
all	622	154	2260784	0.0000681
all	623	114	2260784	0.0000504
all	624	144	2260784	0.0000637
all	625	146	2260784	0.0000646
all	626	112	2260784	0.0000495
all	627	95	2260784	0.0000420
all	628	150	2260784	0.0000663
all	629	107	2260784	0.0000473
all	630	134	2260784	0.0000593
all	631	122	2260784	0.0000540
all	632	122	2260784	0.0000540
all	633	129	2260784	0.0000571
all	634	101	2260784	0.0000447
all	635	100	2260784	0.0000442
all	636	117	2260784	0.0000518
all	637	103	2260784	0.0000456
all	638	103	2260784	0.0000456
all	639	116	2260784	0.0000513
all	640	158	2260784	0.0000699
all	641	147	2260784	0.0000650
all	642	124	2260784	0.0000548
all	643	133	2260784	0.0000588
all	644	131	2260784	0.0000579
all	645	124	2260784	0.0000548
all	646	125	2260784	0.0000553
all	647	118	2260784	0.0000522
all	648	138	2260784	0.0000610
all	649	107	2260784	0.0000473
all	650	129	2260784	0.0000571
all	651	99	2260784	0.0000438
all	652	94	2260784	0.0000416
all	653	123	2260784	0.0000544
all	654	130	2260784	0.0000575
all	655	109	2260784	0.0000482
all	656	114	2260784	0.0000504
all	657	116	2260784	0.0000513
all	658	106	2260784	0.0000469
all	659	111	2260784	0.0000491
all	660	91	2260784	0.0000403
all	661	86	2260784	0.0000380
all	662	99	2260784	0.0000438
all	663	93	2260784	0.0000411
all	664	104	2260784	0.0000460
all	665	113	2260784	0.0000500
all	666	97	2260784	0.0000429
all	667	98	2260784	0.0000433
all	668	88	2260784	0.0000389
all	669	90	2260784	0.0000398
all	670	72	2260784	0.0000318
all	671	98	2260784	0.0000433
all	672	69	2260784	0.0000305
all	673	85	2260784	0.0000376
all	674	84	2260784	0.0000372
all	675	85	2260784	0.0000376
all	676	59	2260784	0.0000261
all	677	59	2260784	0.0000261
all	678	63	2260784	0.0000279
all	679	84	2260784	0.0000372
all	680	59	2260784	0.0000261
all	681	81	2260784	0.0000358
all	682	95	2260784	0.0000420
all	683	92	2260784	0.0000407
all	684	76	2260784	0.0000336
all	685	62	2260784	0.0000274
all	686	66	2260784	0.0000292
all	687	56	2260784	0.0000248
all	688	61	2260784	0.0000270
all	689	49	2260784	0.0000217
all	690	71	2260784	0.0000314
all	691	55	2260784	0.0000243
all	692	68	2260784	0.0000301
all	693	51	2260784	0.0000226
all	694	65	2260784	0.0000288
all	695	63	2260784	0.0000279
all	696	84	2260784	0.0000372
all	697	67	2260784	0.0000296
all	698	80	2260784	0.0000354
all	699	91	2260784	0.0000403
all	700	73	2260784	0.0000323
all	701	89	2260784	0.0000394
all	702	98	2260784	0.0000433
all	703	56	2260784	0.0000248
all	704	68	2260784	0.0000301
all	705	108	2260784	0.0000478
all	706	83	2260784	0.0000367
all	707	64	2260784	0.0000283
all	708	75	2260784	0.0000332
all	709	71	2260784	0.0000314
all	710	75	2260784	0.0000332
all	711	63	2260784	0.0000279
all	712	77	2260784	0.0000341
all	713	55	2260784	0.0000243
all	714	48	2260784	0.0000212
all	715	69	2260784	0.0000305
all	716	75	2260784	0.0000332
all	717	45	2260784	0.0000199
all	718	51	2260784	0.0000226
all	719	68	2260784	0.0000301
all	720	54	2260784	0.0000239
all	721	54	2260784	0.0000239
all	722	73	2260784	0.0000323
all	723	57	2260784	0.0000252
all	724	56	2260784	0.0000248
all	725	75	2260784	0.0000332
all	726	61	2260784	0.0000270
all	727	42	2260784	0.0000186
all	728	56	2260784	0.0000248
all	729	49	2260784	0.0000217
all	730	55	2260784	0.0000243
all	731	50	2260784	0.0000221
all	732	83	2260784	0.0000367
all	733	47	2260784	0.0000208
all	734	51	2260784	0.0000226
all	735	41	2260784	0.0000181
all	736	46	2260784	0.0000203
all	737	43	2260784	0.0000190
all	738	54	2260784	0.0000239
all	739	46	2260784	0.0000203
all	740	45	2260784	0.0000199
all	741	51	2260784	0.0000226
all	742	39	2260784	0.0000173
all	743	42	2260784	0.0000186
all	744	48	2260784	0.0000212
all	745	53	2260784	0.0000234
all	746	50	2260784	0.0000221
all	747	52	2260784	0.0000230
all	748	48	2260784	0.0000212
all	749	62	2260784	0.0000274
all	750	40	2260784	0.0000177
all	751	41	2260784	0.0000181
all	752	40	2260784	0.0000177
all	753	40	2260784	0.0000177
all	754	40	2260784	0.0000177
all	755	49	2260784	0.0000217
all	756	38	2260784	0.0000168
all	757	23	2260784	0.0000102
all	758	24	2260784	0.0000106
all	759	24	2260784	0.0000106
all	760	40	2260784	0.0000177
all	761	21	2260784	0.0000093
all	762	17	2260784	0.0000075
all	763	24	2260784	0.0000106
all	764	27	2260784	0.0000119
all	765	21	2260784	0.0000093
all	766	26	2260784	0.0000115
all	767	31	2260784	0.0000137
all	768	21	2260784	0.0000093
all	769	30	2260784	0.0000133
all	770	19	2260784	0.0000084
all	771	33	2260784	0.0000146
all	772	32	2260784	0.0000142
all	773	34	2260784	0.0000150
all	774	29	2260784	0.0000128
all	775	24	2260784	0.0000106
all	776	35	2260784	0.0000155
all	777	22	2260784	0.0000097
all	778	30	2260784	0.0000133
all	779	34	2260784	0.0000150
all	780	26	2260784	0.0000115
all	781	20	2260784	0.0000088
all	782	27	2260784	0.0000119
all	783	34	2260784	0.0000150
all	784	28	2260784	0.0000124
all	785	35	2260784	0.0000155
all	786	22	2260784	0.0000097
all	787	24	2260784	0.0000106
all	788	22	2260784	0.0000097
all	789	27	2260784	0.0000119
all	790	11	2260784	0.0000049
all	791	19	2260784	0.0000084
all	792	17	2260784	0.0000075
all	793	25	2260784	0.0000111
all	794	15	2260784	0.0000066
all	795	30	2260784	0.0000133
all	796	24	2260784	0.0000106
all	797	26	2260784	0.0000115
all	798	18	2260784	0.0000080
all	799	21	2260784	0.0000093
all	800	21	2260784	0.0000093
all	801	18	2260784	0.0000080
all	802	24	2260784	0.0000106
all	803	24	2260784	0.0000106
all	804	21	2260784	0.0000093
all	805	24	2260784	0.0000106
all	806	24	2260784	0.0000106
all	807	25	2260784	0.0000111
all	808	18	2260784	0.0000080
all	809	26	2260784	0.0000115
all	810	13	2260784	0.0000058
all	811	22	2260784	0.0000097
all	812	13	2260784	0.0000058
all	813	14	2260784	0.0000062
all	814	19	2260784	0.0000084
all	815	17	2260784	0.0000075
all	816	24	2260784	0.0000106
all	817	17	2260784	0.0000075
all	818	11	2260784	0.0000049
all	819	23	2260784	0.0000102
all	820	14	2260784	0.0000062
all	821	16	2260784	0.0000071
all	822	19	2260784	0.0000084
all	823	13	2260784	0.0000058
all	824	6	2260784	0.0000027
all	825	11	2260784	0.0000049
all	826	10	2260784	0.0000044
all	827	12	2260784	0.0000053
all	828	15	2260784	0.0000066
all	829	18	2260784	0.0000080
all	830	14	2260784	0.0000062
all	831	16	2260784	0.0000071
all	832	11	2260784	0.0000049
all	833	21	2260784	0.0000093
all	834	11	2260784	0.0000049
all	835	5	2260784	0.0000022
all	836	7	2260784	0.0000031
all	837	8	2260784	0.0000035
all	838	19	2260784	0.0000084
all	839	12	2260784	0.0000053
all	840	25	2260784	0.0000111
all	841	7	2260784	0.0000031
all	842	20	2260784	0.0000088
all	843	8	2260784	0.0000035
all	844	10	2260784	0.0000044
all	845	6	2260784	0.0000027
all	846	17	2260784	0.0000075
all	847	7	2260784	0.0000031
all	848	4	2260784	0.0000018
all	849	13	2260784	0.0000058
all	850	7	2260784	0.0000031
all	851	6	2260784	0.0000027
all	852	8	2260784	0.0000035
all	853	6	2260784	0.0000027
all	854	8	2260784	0.0000035
all	855	6	2260784	0.0000027
all	856	9	2260784	0.0000040
all	857	7	2260784	0.0000031
all	858	9	2260784	0.0000040
all	859	4	2260784	0.0000018
all	860	1	2260784	0.0000004
all	861	2	2260784	0.0000009
all	862	6	2260784	0.0000027
all	863	10	2260784	0.0000044
all	864	6	2260784	0.0000027
all	865	7	2260784	0.0000031
all	866	4	2260784	0.0000018
all	867	8	2260784	0.0000035
all	868	8	2260784	0.0000035
all	869	12	2260784	0.0000053
all	870	11	2260784	0.0000049
all	871	13	2260784	0.0000058
all	872	14	2260784	0.0000062
all	873	12	2260784	0.0000053
all	874	10	2260784	0.0000044
all	875	5	2260784	0.0000022
all	876	13	2260784	0.0000058
all	877	3	2260784	0.0000013
all	878	9	2260784	0.0000040
all	879	15	2260784	0.0000066
all	880	3	2260784	0.0000013
all	881	4	2260784	0.0000018
all	882	17	2260784	0.0000075
all	883	9	2260784	0.0000040
all	884	7	2260784	0.0000031
all	885	9	2260784	0.0000040
all	886	6	2260784	0.0000027
all	887	8	2260784	0.0000035
all	888	5	2260784	0.0000022
all	889	5	2260784	0.0000022
all	890	9	2260784	0.0000040
all	891	6	2260784	0.0000027
all	892	2	2260784	0.0000009
all	893	9	2260784	0.0000040
all	894	3	2260784	0.0000013
all	895	5	2260784	0.0000022
all	896	6	2260784	0.0000027
all	897	14	2260784	0.0000062
all	898	15	2260784	0.0000066
all	899	4	2260784	0.0000018
all	900	8	2260784	0.0000035
all	901	9	2260784	0.0000040
all	902	4	2260784	0.0000018
all	903	4	2260784	0.0000018
all	904	7	2260784	0.0000031
all	905	6	2260784	0.0000027
all	906	4	2260784	0.0000018
all	907	5	2260784	0.0000022
all	908	4	2260784	0.0000018
all	909	4	2260784	0.0000018
all	910	3	2260784	0.0000013
all	911	4	2260784	0.0000018
all	912	3	2260784	0.0000013
all	913	3	2260784	0.0000013
all	914	7	2260784	0.0000031
all	915	11	2260784	0.0000049
all	916	3	2260784	0.0000013
all	917	3	2260784	0.0000013
all	919	7	2260784	0.0000031
all	920	3	2260784	0.0000013
all	921	4	2260784	0.0000018
all	922	5	2260784	0.0000022
all	923	3	2260784	0.0000013
all	924	8	2260784	0.0000035
all	925	5	2260784	0.0000022
all	926	8	2260784	0.0000035
all	927	7	2260784	0.0000031
all	928	4	2260784	0.0000018
all	929	5	2260784	0.0000022
all	930	11	2260784	0.0000049
all	931	4	2260784	0.0000018
all	932	5	2260784	0.0000022
all	933	7	2260784	0.0000031
all	934	4	2260784	0.0000018
all	935	4	2260784	0.0000018
all	936	10	2260784	0.0000044
all	937	9	2260784	0.0000040
all	938	3	2260784	0.0000013
all	939	8	2260784	0.0000035
all	940	8	2260784	0.0000035
all	941	7	2260784	0.0000031
all	942	12	2260784	0.0000053
all	943	1	2260784	0.0000004
all	944	10	2260784	0.0000044
all	945	6	2260784	0.0000027
all	946	8	2260784	0.0000035
all	947	7	2260784	0.0000031
all	948	7	2260784	0.0000031
all	949	6	2260784	0.0000027
all	950	5	2260784	0.0000022
all	951	2	2260784	0.0000009
all	952	6	2260784	0.0000027
all	953	2	2260784	0.0000009
all	954	7	2260784	0.0000031
all	955	14	2260784	0.0000062
all	956	1	2260784	0.0000004
all	957	7	2260784	0.0000031
all	958	5	2260784	0.0000022
all	959	4	2260784	0.0000018
all	960	8	2260784	0.0000035
all	961	5	2260784	0.0000022
all	962	12	2260784	0.0000053
all	963	12	2260784	0.0000053
all	964	9	2260784	0.0000040
all	965	7	2260784	0.0000031
all	966	3	2260784	0.0000013
all	967	2	2260784	0.0000009
all	968	4	2260784	0.0000018
all	970	8	2260784	0.0000035
all	971	2	2260784	0.0000009
all	972	4	2260784	0.0000018
all	973	3	2260784	0.0000013
all	974	2	2260784	0.0000009
all	975	10	2260784	0.0000044
all	976	8	2260784	0.0000035
all	977	7	2260784	0.0000031
all	978	2	2260784	0.0000009
all	979	4	2260784	0.0000018
all	980	4	2260784	0.0000018
all	981	8	2260784	0.0000035
all	982	4	2260784	0.0000018
all	983	2	2260784	0.0000009
all	984	3	2260784	0.0000013
all	985	7	2260784	0.0000031
all	986	5	2260784	0.0000022
all	987	6	2260784	0.0000027
all	988	8	2260784	0.0000035
all	989	1	2260784	0.0000004
all	990	5	2260784	0.0000022
all	991	2	2260784	0.0000009
all	992	3	2260784	0.0000013
all	993	4	2260784	0.0000018
all	994	4	2260784	0.0000018
all	995	5	2260784	0.0000022
all	996	6	2260784	0.0000027
all	997	4	2260784	0.0000018
all	998	6	2260784	0.0000027
all	999	1	2260784	0.0000004
all	1000	8	2260784	0.0000035
all	1001	2	2260784	0.0000009
all	1002	1	2260784	0.0000004
all	1003	8	2260784	0.0000035
all	1004	4	2260784	0.0000018
all	1005	5	2260784	0.0000022
all	1006	5	2260784	0.0000022
all	1009	2	2260784	0.0000009
all	1010	2	2260784	0.0000009
all	1011	4	2260784	0.0000018
all	1013	2	2260784	0.0000009
all	1015	2	2260784	0.0000009
all	1016	2	2260784	0.0000009
all	1017	1	2260784	0.0000004
all	1018	6	2260784	0.0000027
all	1019	2	2260784	0.0000009
all	1020	3	2260784	0.0000013
all	1021	1	2260784	0.0000004
all	1022	1	2260784	0.0000004
all	1023	4	2260784	0.0000018
all	1024	4	2260784	0.0000018
all	1025	4	2260784	0.0000018
all	1027	1	2260784	0.0000004
all	1028	2	2260784	0.0000009
all	1029	5	2260784	0.0000022
all	1030	2	2260784	0.0000009
all	1031	3	2260784	0.0000013
all	1033	4	2260784	0.0000018
all	1035	3	2260784	0.0000013
all	1037	2	2260784	0.0000009
all	1038	1	2260784	0.0000004
all	1040	2	2260784	0.0000009
all	1041	3	2260784	0.0000013
all	1042	3	2260784	0.0000013
all	1043	5	2260784	0.0000022
all	1044	3	2260784	0.0000013
all	1045	1	2260784	0.0000004
all	1046	3	2260784	0.0000013
all	1047	1	2260784	0.0000004
all	1049	1	2260784	0.0000004
all	1052	1	2260784	0.0000004
all	1053	5	2260784	0.0000022
all	1054	5	2260784	0.0000022
all	1056	1	2260784	0.0000004
all	1057	4	2260784	0.0000018
all	1058	1	2260784	0.0000004
all	1059	3	2260784	0.0000013
all	1061	2	2260784	0.0000009
all	1062	4	2260784	0.0000018
all	1063	2	2260784	0.0000009
all	1065	3	2260784	0.0000013
all	1066	2	2260784	0.0000009
all	1067	6	2260784	0.0000027
all	1068	1	2260784	0.0000004
all	1069	3	2260784	0.0000013
all	1070	1	2260784	0.0000004
all	1071	2	2260784	0.0000009
all	1072	2	2260784	0.0000009
all	1074	5	2260784	0.0000022
all	1076	2	2260784	0.0000009
all	1077	1	2260784	0.0000004
all	1078	4	2260784	0.0000018
all	1079	1	2260784	0.0000004
all	1080	1	2260784	0.0000004
all	1081	4	2260784	0.0000018
all	1083	1	2260784	0.0000004
all	1084	3	2260784	0.0000013
all	1085	2	2260784	0.0000009
all	1086	7	2260784	0.0000031
all	1087	3	2260784	0.0000013
all	1089	2	2260784	0.0000009
all	1090	4	2260784	0.0000018
all	1091	3	2260784	0.0000013
all	1092	1	2260784	0.0000004
all	1093	2	2260784	0.0000009
all	1095	7	2260784	0.0000031
all	1096	2	2260784	0.0000009
all	1097	3	2260784	0.0000013
all	1098	4	2260784	0.0000018
all	1099	9	2260784	0.0000040
all	1100	3	2260784	0.0000013
all	1101	7	2260784	0.0000031
all	1103	4	2260784	0.0000018
all	1104	1	2260784	0.0000004
all	1105	2	2260784	0.0000009
all	1106	2	2260784	0.0000009
all	1107	4	2260784	0.0000018
all	1108	2	2260784	0.0000009
all	1109	2	2260784	0.0000009
all	1110	2	2260784	0.0000009
all	1112	2	2260784	0.0000009
all	1113	2	2260784	0.0000009
all	1114	2	2260784	0.0000009
all	1116	2	2260784	0.0000009
all	1118	2	2260784	0.0000009
all	1119	2	2260784	0.0000009
all	1120	1	2260784	0.0000004
all	1122	1	2260784	0.0000004
all	1123	6	2260784	0.0000027
all	1124	2	2260784	0.0000009
all	1126	2	2260784	0.0000009
all	1127	1	2260784	0.0000004
all	1128	2	2260784	0.0000009
all	1129	5	2260784	0.0000022
all	1131	4	2260784	0.0000018
all	1132	2	2260784	0.0000009
all	1134	2	2260784	0.0000009
all	1135	6	2260784	0.0000027
all	1136	1	2260784	0.0000004
all	1137	6	2260784	0.0000027
all	1138	4	2260784	0.0000018
all	1143	2	2260784	0.0000009
all	1144	2	2260784	0.0000009
all	1145	2	2260784	0.0000009
all	1147	5	2260784	0.0000022
all	1148	4	2260784	0.0000018
all	1149	3	2260784	0.0000013
all	1150	4	2260784	0.0000018
all	1153	2	2260784	0.0000009
all	1155	2	2260784	0.0000009
all	1156	4	2260784	0.0000018
all	1157	1	2260784	0.0000004
all	1159	4	2260784	0.0000018
all	1160	2	2260784	0.0000009
all	1161	3	2260784	0.0000013
all	1162	5	2260784	0.0000022
all	1163	2	2260784	0.0000009
all	1164	4	2260784	0.0000018
all	1165	4	2260784	0.0000018
all	1166	2	2260784	0.0000009
all	1167	4	2260784	0.0000018
all	1168	8	2260784	0.0000035
all	1169	4	2260784	0.0000018
all	1170	6	2260784	0.0000027
all	1171	2	2260784	0.0000009
all	1172	6	2260784	0.0000027
all	1173	8	2260784	0.0000035
all	1175	4	2260784	0.0000018
all	1176	6	2260784	0.0000027
all	1177	4	2260784	0.0000018
all	1178	8	2260784	0.0000035
all	1180	2	2260784	0.0000009
all	1181	3	2260784	0.0000013
all	1182	4	2260784	0.0000018
all	1183	2	2260784	0.0000009
all	1184	4	2260784	0.0000018
all	1185	4	2260784	0.0000018
all	1186	6	2260784	0.0000027
all	1188	5	2260784	0.0000022
all	1189	2	2260784	0.0000009
all	1190	7	2260784	0.0000031
all	1191	6	2260784	0.0000027
all	1192	6	2260784	0.0000027
all	1195	2	2260784	0.0000009
all	1196	1	2260784	0.0000004
all	1197	2	2260784	0.0000009
all	1198	5	2260784	0.0000022
all	1199	3	2260784	0.0000013
all	1200	4	2260784	0.0000018
all	1201	4	2260784	0.0000018
all	1202	3	2260784	0.0000013
all	1206	4	2260784	0.0000018
all	1207	3	2260784	0.0000013
all	1208	6	2260784	0.0000027
all	1209	3	2260784	0.0000013
all	1210	2	2260784	0.0000009
all	1211	8	2260784	0.0000035
all	1212	4	2260784	0.0000018
all	1213	5	2260784	0.0000022
all	1214	4	2260784	0.0000018
all	1215	2	2260784	0.0000009
all	1216	2	2260784	0.0000009
all	1217	6	2260784	0.0000027
all	1220	3	2260784	0.0000013
all	1221	6	2260784	0.0000027
all	1226	4	2260784	0.0000018
all	1228	1	2260784	0.0000004
all	1229	4	2260784	0.0000018
all	1231	1	2260784	0.0000004
all	1232	4	2260784	0.0000018
all	1233	1	2260784	0.0000004
all	1234	1	2260784	0.0000004
all	1235	6	2260784	0.0000027
all	1236	4	2260784	0.0000018
all	1237	4	2260784	0.0000018
all	1239	3	2260784	0.0000013
all	1240	1	2260784	0.0000004
all	1241	2	2260784	0.0000009
all	1242	4	2260784	0.0000018
all	1243	1	2260784	0.0000004
all	1244	4	2260784	0.0000018
all	1245	2	2260784	0.0000009
all	1246	2	2260784	0.0000009
all	1249	3	2260784	0.0000013
all	1250	1	2260784	0.0000004
all	1251	6	2260784	0.0000027
all	1252	2	2260784	0.0000009
all	1253	2	2260784	0.0000009
all	1256	2	2260784	0.0000009
all	1259	4	2260784	0.0000018
all	1263	2	2260784	0.0000009
all	1264	2	2260784	0.0000009
all	1265	2	2260784	0.0000009
all	1266	3	2260784	0.0000013
all	1269	1	2260784	0.0000004
all	1270	5	2260784	0.0000022
all	1272	1	2260784	0.0000004
all	1275	1	2260784	0.0000004
all	1276	4	2260784	0.0000018
all	1280	2	2260784	0.0000009
all	1281	4	2260784	0.0000018
all	1282	2	2260784	0.0000009
all	1284	1	2260784	0.0000004
all	1285	2	2260784	0.0000009
all	1286	2	2260784	0.0000009
all	1287	3	2260784	0.0000013
all	1289	2	2260784	0.0000009
all	1290	6	2260784	0.0000027
all	1292	4	2260784	0.0000018
all	1293	3	2260784	0.0000013
all	1294	1	2260784	0.0000004
all	1295	4	2260784	0.0000018
all	1296	2	2260784	0.0000009
all	1297	3	2260784	0.0000013
all	1298	2	2260784	0.0000009
all	1299	6	2260784	0.0000027
all	1300	2	2260784	0.0000009
all	1303	4	2260784	0.0000018
all	1305	2	2260784	0.0000009
all	1306	2	2260784	0.0000009
all	1307	4	2260784	0.0000018
all	1310	2	2260784	0.0000009
all	1312	1	2260784	0.0000004
all	1313	4	2260784	0.0000018
all	1314	1	2260784	0.0000004
all	1319	2	2260784	0.0000009
all	1321	4	2260784	0.0000018
all	1322	2	2260784	0.0000009
all	1323	3	2260784	0.0000013
all	1325	3	2260784	0.0000013
all	1326	4	2260784	0.0000018
all	1331	1	2260784	0.0000004
all	1332	2	2260784	0.0000009
all	1334	1	2260784	0.0000004
all	1335	1	2260784	0.0000004
all	1336	5	2260784	0.0000022
all	1339	2	2260784	0.0000009
all	1341	2	2260784	0.0000009
all	1342	2	2260784	0.0000009
all	1343	2	2260784	0.0000009
all	1345	3	2260784	0.0000013
all	1346	4	2260784	0.0000018
all	1347	4	2260784	0.0000018
all	1348	1	2260784	0.0000004
all	1349	2	2260784	0.0000009
all	1352	3	2260784	0.0000013
all	1353	1	2260784	0.0000004
all	1354	2	2260784	0.0000009
all	1357	2	2260784	0.0000009
all	1360	1	2260784	0.0000004
all	1363	1	2260784	0.0000004
all	1367	4	2260784	0.0000018
all	1368	4	2260784	0.0000018
all	1369	1	2260784	0.0000004
all	1372	1	2260784	0.0000004
all	1374	3	2260784	0.0000013
all	1377	4	2260784	0.0000018
all	1378	4	2260784	0.0000018
all	1379	3	2260784	0.0000013
all	1381	2	2260784	0.0000009
all	1382	7	2260784	0.0000031
all	1383	4	2260784	0.0000018
all	1384	7	2260784	0.0000031
all	1385	6	2260784	0.0000027
all	1386	2	2260784	0.0000009
all	1387	3	2260784	0.0000013
all	1390	2	2260784	0.0000009
all	1391	4	2260784	0.0000018
all	1392	5	2260784	0.0000022
all	1393	4	2260784	0.0000018
all	1394	2	2260784	0.0000009
all	1397	2	2260784	0.0000009
all	1398	5	2260784	0.0000022
all	1399	2	2260784	0.0000009
all	1400	2	2260784	0.0000009
all	1402	4	2260784	0.0000018
all	1403	8	2260784	0.0000035
all	1405	1	2260784	0.0000004
all	1406	2	2260784	0.0000009
all	1407	4	2260784	0.0000018
all	1408	2	2260784	0.0000009
all	1410	2	2260784	0.0000009
all	1411	4	2260784	0.0000018
all	1412	4	2260784	0.0000018
all	1413	6	2260784	0.0000027
all	1414	4	2260784	0.0000018
all	1415	4	2260784	0.0000018
all	1416	4	2260784	0.0000018
all	1417	6	2260784	0.0000027
all	1419	4	2260784	0.0000018
all	1420	5	2260784	0.0000022
all	1422	2	2260784	0.0000009
all	1423	1	2260784	0.0000004
all	1424	2	2260784	0.0000009
all	1425	3	2260784	0.0000013
all	1426	3	2260784	0.0000013
all	1428	9	2260784	0.0000040
all	1429	2	2260784	0.0000009
all	1430	2	2260784	0.0000009
all	1432	2	2260784	0.0000009
all	1433	2	2260784	0.0000009
all	1434	1	2260784	0.0000004
all	1435	2	2260784	0.0000009
all	1436	4	2260784	0.0000018
all	1437	2	2260784	0.0000009
all	1438	7	2260784	0.0000031
all	1441	1	2260784	0.0000004
all	1442	1	2260784	0.0000004
all	1444	2	2260784	0.0000009
all	1445	1	2260784	0.0000004
all	1446	7	2260784	0.0000031
all	1447	3	2260784	0.0000013
all	1448	4	2260784	0.0000018
all	1449	3	2260784	0.0000013
all	1450	4	2260784	0.0000018
all	1451	2	2260784	0.0000009
all	1452	2	2260784	0.0000009
all	1454	6	2260784	0.0000027
all	1456	3	2260784	0.0000013
all	1457	4	2260784	0.0000018
all	1459	1	2260784	0.0000004
all	1460	3	2260784	0.0000013
all	1461	1	2260784	0.0000004
all	1463	3	2260784	0.0000013
all	1465	2	2260784	0.0000009
all	1466	1	2260784	0.0000004
all	1468	2	2260784	0.0000009
all	1469	4	2260784	0.0000018
all	1471	3	2260784	0.0000013
all	1472	1	2260784	0.0000004
all	1474	1	2260784	0.0000004
all	1475	1	2260784	0.0000004
all	1478	2	2260784	0.0000009
all	1479	1	2260784	0.0000004
all	1480	8	2260784	0.0000035
all	1481	1	2260784	0.0000004
all	1482	4	2260784	0.0000018
all	1483	1	2260784	0.0000004
all	1484	4	2260784	0.0000018
all	1485	3	2260784	0.0000013
all	1487	2	2260784	0.0000009
all	1488	3	2260784	0.0000013
all	1489	1	2260784	0.0000004
all	1490	1	2260784	0.0000004
all	1492	1	2260784	0.0000004
all	1493	1	2260784	0.0000004
all	1495	3	2260784	0.0000013
all	1496	1	2260784	0.0000004
all	1498	2	2260784	0.0000009
all	1499	2	2260784	0.0000009
all	1500	3	2260784	0.0000013
all	1502	2	2260784	0.0000009
all	1504	2	2260784	0.0000009
all	1506	1	2260784	0.0000004
all	1507	4	2260784	0.0000018
all	1508	1	2260784	0.0000004
all	1511	1	2260784	0.0000004
all	1512	1	2260784	0.0000004
all	1516	1	2260784	0.0000004
all	1517	1	2260784	0.0000004
all	1518	1	2260784	0.0000004
all	1520	1	2260784	0.0000004
all	1521	2	2260784	0.0000009
all	1522	1	2260784	0.0000004
all	1526	3	2260784	0.0000013
all	1528	2	2260784	0.0000009
all	1530	3	2260784	0.0000013
all	1531	2	2260784	0.0000009
all	1534	2	2260784	0.0000009
all	1537	5	2260784	0.0000022
all	1538	2	2260784	0.0000009
all	1541	2	2260784	0.0000009
all	1543	2	2260784	0.0000009
all	1546	1	2260784	0.0000004
all	1548	3	2260784	0.0000013
all	1550	2	2260784	0.0000009
all	1553	2	2260784	0.0000009
all	1554	2	2260784	0.0000009
all	1557	2	2260784	0.0000009
all	1558	1	2260784	0.0000004
all	1559	2	2260784	0.0000009
all	1560	1	2260784	0.0000004
all	1561	2	2260784	0.0000009
all	1562	2	2260784	0.0000009
all	1563	2	2260784	0.0000009
all	1564	4	2260784	0.0000018
all	1567	2	2260784	0.0000009
all	1568	1	2260784	0.0000004
all	1570	2	2260784	0.0000009
all	1574	3	2260784	0.0000013
all	1575	1	2260784	0.0000004
all	1576	2	2260784	0.0000009
all	1578	1	2260784	0.0000004
all	1581	2	2260784	0.0000009
all	1582	2	2260784	0.0000009
all	1583	1	2260784	0.0000004
all	1586	2	2260784	0.0000009
all	1587	1	2260784	0.0000004
all	1588	1	2260784	0.0000004
all	1592	2	2260784	0.0000009
all	1594	1	2260784	0.0000004
all	1600	4	2260784	0.0000018
all	1602	3	2260784	0.0000013
all	1604	2	2260784	0.0000009
all	1606	4	2260784	0.0000018
all	1609	2	2260784	0.0000009
all	1610	2	2260784	0.0000009
all	1611	4	2260784	0.0000018
all	1612	3	2260784	0.0000013
all	1613	2	2260784	0.0000009
all	1614	5	2260784	0.0000022
all	1615	2	2260784	0.0000009
all	1616	1	2260784	0.0000004
all	1619	2	2260784	0.0000009
all	1620	1	2260784	0.0000004
all	1622	1	2260784	0.0000004
all	1623	5	2260784	0.0000022
all	1624	2	2260784	0.0000009
all	1625	1	2260784	0.0000004
all	1630	4	2260784	0.0000018
all	1631	2	2260784	0.0000009
all	1632	2	2260784	0.0000009
all	1633	2	2260784	0.0000009
all	1634	4	2260784	0.0000018
all	1638	2	2260784	0.0000009
all	1640	2	2260784	0.0000009
all	1641	1	2260784	0.0000004
all	1642	2	2260784	0.0000009
all	1643	8	2260784	0.0000035
all	1644	1	2260784	0.0000004
all	1645	3	2260784	0.0000013
all	1648	1	2260784	0.0000004
all	1649	1	2260784	0.0000004
all	1650	1	2260784	0.0000004
all	1651	1	2260784	0.0000004
all	1652	2	2260784	0.0000009
all	1653	2	2260784	0.0000009
all	1654	2	2260784	0.0000009
all	1656	2	2260784	0.0000009
all	1659	1	2260784	0.0000004
all	1660	2	2260784	0.0000009
all	1662	2	2260784	0.0000009
all	1663	1	2260784	0.0000004
all	1666	2	2260784	0.0000009
all	1667	4	2260784	0.0000018
all	1673	1	2260784	0.0000004
all	1674	3	2260784	0.0000013
all	1676	1	2260784	0.0000004
all	1677	3	2260784	0.0000013
all	1678	2	2260784	0.0000009
all	1679	1	2260784	0.0000004
all	1680	2	2260784	0.0000009
all	1682	1	2260784	0.0000004
all	1683	2	2260784	0.0000009
all	1684	1	2260784	0.0000004
all	1685	1	2260784	0.0000004
all	1686	1	2260784	0.0000004
all	1688	2	2260784	0.0000009
all	1690	1	2260784	0.0000004
all	1691	4	2260784	0.0000018
all	1693	4	2260784	0.0000018
all	1694	4	2260784	0.0000018
all	1695	5	2260784	0.0000022
all	1696	1	2260784	0.0000004
all	1697	1	2260784	0.0000004
all	1699	1	2260784	0.0000004
all	1701	3	2260784	0.0000013
all	1702	1	2260784	0.0000004
all	1703	1	2260784	0.0000004
all	1704	1	2260784	0.0000004
all	1708	3	2260784	0.0000013
all	1711	2	2260784	0.0000009
all	1714	1	2260784	0.0000004
all	1715	1	2260784	0.0000004
all	1720	1	2260784	0.0000004
all	1722	1	2260784	0.0000004
all	1728	2	2260784	0.0000009
all	1732	1	2260784	0.0000004
all	1733	2	2260784	0.0000009
all	1740	3	2260784	0.0000013
all	1741	2	2260784	0.0000009
all	1742	1	2260784	0.0000004
all	1754	1	2260784	0.0000004
all	1755	1	2260784	0.0000004
all	1759	1	2260784	0.0000004
all	1760	1	2260784	0.0000004
all	1769	2	2260784	0.0000009
all	1770	1	2260784	0.0000004
all	1772	1	2260784	0.0000004
all	1779	1	2260784	0.0000004
all	1781	1	2260784	0.0000004
all	1782	1	2260784	0.0000004
all	1786	1	2260784	0.0000004
all	1797	1	2260784	0.0000004
all	1798	1	2260784	0.0000004
all	1801	2	2260784	0.0000009
all	1805	1	2260784	0.0000004
all	1806	2	2260784	0.0000009
all	1816	1	2260784	0.0000004
all	1835	1	2260784	0.0000004
all	1837	1	2260784	0.0000004
all	1841	1	2260784	0.0000004
all	1844	1	2260784	0.0000004
all	1851	2	2260784	0.0000009
all	1857	2	2260784	0.0000009
all	1861	1	2260784	0.0000004
all	1863	1	2260784	0.0000004
all	1864	3	2260784	0.0000013
all	1874	2	2260784	0.0000009
all	1885	2	2260784	0.0000009
all	1887	2	2260784	0.0000009
all	1888	1	2260784	0.0000004
all	1907	2	2260784	0.0000009
all	1915	2	2260784	0.0000009
all	1916	1	2260784	0.0000004
all	1929	1	2260784	0.0000004
all	1932	1	2260784	0.0000004
all	1933	2	2260784	0.0000009
all	1936	2	2260784	0.0000009
all	1937	1	2260784	0.0000004
all	1939	1	2260784	0.0000004
all	1944	2	2260784	0.0000009
all	1946	1	2260784	0.0000004
all	1950	3	2260784	0.0000013
all	1951	1	2260784	0.0000004
all	1958	2	2260784	0.0000009
all	1959	1	2260784	0.0000004
all	1962	1	2260784	0.0000004
all	1963	2	2260784	0.0000009
all	1967	1	2260784	0.0000004
all	1968	2	2260784	0.0000009
all	1983	2	2260784	0.0000009
all	1985	3	2260784	0.0000013
all	1987	3	2260784	0.0000013
all	1990	3	2260784	0.0000013
all	1993	1	2260784	0.0000004
all	1996	2	2260784	0.0000009
all	2003	2	2260784	0.0000009
all	2006	2	2260784	0.0000009
all	2008	1	2260784	0.0000004
all	2011	2	2260784	0.0000009
all	2017	2	2260784	0.0000009
all	2024	1	2260784	0.0000004
all	2025	1	2260784	0.0000004
all	2026	1	2260784	0.0000004
all	2028	2	2260784	0.0000009
all	2030	1	2260784	0.0000004
all	2031	1	2260784	0.0000004
all	2032	2	2260784	0.0000009
all	2034	2	2260784	0.0000009
all	2035	2	2260784	0.0000009
all	2036	1	2260784	0.0000004
all	2037	1	2260784	0.0000004
all	2044	2	2260784	0.0000009
all	2045	1	2260784	0.0000004
all	2049	4	2260784	0.0000018
all	2051	1	2260784	0.0000004
all	2054	2	2260784	0.0000009
all	2055	2	2260784	0.0000009
all	2056	2	2260784	0.0000009
all	2059	2	2260784	0.0000009
all	2067	1	2260784	0.0000004
all	2069	2	2260784	0.0000009
all	2076	2	2260784	0.0000009
all	2081	2	2260784	0.0000009
all	2087	1	2260784	0.0000004
all	2092	3	2260784	0.0000013
all	2093	3	2260784	0.0000013
all	2098	2	2260784	0.0000009
all	2105	2	2260784	0.0000009
all	2107	2	2260784	0.0000009
all	2111	2	2260784	0.0000009
all	2114	2	2260784	0.0000009
all	2118	1	2260784	0.0000004
all	2121	1	2260784	0.0000004
all	2125	3	2260784	0.0000013
all	2126	2	2260784	0.0000009
all	2127	1	2260784	0.0000004
all	2130	1	2260784	0.0000004
all	2135	2	2260784	0.0000009
all	2139	2	2260784	0.0000009
all	2142	3	2260784	0.0000013
all	2147	2	2260784	0.0000009
all	2149	1	2260784	0.0000004
all	2151	2	2260784	0.0000009
all	2158	2	2260784	0.0000009
all	2163	1	2260784	0.0000004
all	2164	1	2260784	0.0000004
all	2167	2	2260784	0.0000009
all	2170	1	2260784	0.0000004
all	2171	2	2260784	0.0000009
all	2177	4	2260784	0.0000018
all	2178	1	2260784	0.0000004
all	2183	4	2260784	0.0000018
all	2184	1	2260784	0.0000004
all	2185	2	2260784	0.0000009
all	2188	2	2260784	0.0000009
all	2192	1	2260784	0.0000004
all	2194	2	2260784	0.0000009
all	2196	2	2260784	0.0000009
all	2203	1	2260784	0.0000004
all	2207	1	2260784	0.0000004
all	2208	1	2260784	0.0000004
all	2212	2	2260784	0.0000009
all	2213	2	2260784	0.0000009
all	2214	2	2260784	0.0000009
all	2219	2	2260784	0.0000009
all	2220	2	2260784	0.0000009
all	2223	2	2260784	0.0000009
all	2224	2	2260784	0.0000009
all	2225	2	2260784	0.0000009
all	2226	2	2260784	0.0000009
all	2227	1	2260784	0.0000004
all	2228	2	2260784	0.0000009
all	2230	2	2260784	0.0000009
all	2237	4	2260784	0.0000018
all	2239	2	2260784	0.0000009
all	2240	2	2260784	0.0000009
all	2243	4	2260784	0.0000018
all	2244	2	2260784	0.0000009
all	2246	5	2260784	0.0000022
all	2247	2	2260784	0.0000009
all	2248	5	2260784	0.0000022
all	2249	2	2260784	0.0000009
all	2252	3	2260784	0.0000013
all	2254	2	2260784	0.0000009
all	2255	2	2260784	0.0000009
all	2256	2	2260784	0.0000009
all	2257	2	2260784	0.0000009
all	2258	2	2260784	0.0000009
all	2259	2	2260784	0.0000009
all	2260	2	2260784	0.0000009
all	2262	2	2260784	0.0000009
all	2265	4	2260784	0.0000018
all	2267	4	2260784	0.0000018
all	2269	2	2260784	0.0000009
all	2274	2	2260784	0.0000009
all	2278	1	2260784	0.0000004
all	2280	1	2260784	0.0000004
all	2283	1	2260784	0.0000004
all	2285	2	2260784	0.0000009
all	2287	2	2260784	0.0000009
all	2288	1	2260784	0.0000004
all	2289	2	2260784	0.0000009
all	2291	2	2260784	0.0000009
all	2292	5	2260784	0.0000022
all	2300	1	2260784	0.0000004
all	2301	1	2260784	0.0000004
all	2302	2	2260784	0.0000009
all	2308	1	2260784	0.0000004
all	2310	3	2260784	0.0000013
all	2311	2	2260784	0.0000009
all	2312	1	2260784	0.0000004
all	2314	2	2260784	0.0000009
all	2317	2	2260784	0.0000009
all	2318	2	2260784	0.0000009
all	2320	2	2260784	0.0000009
all	2321	1	2260784	0.0000004
all	2322	3	2260784	0.0000013
all	2324	1	2260784	0.0000004
all	2327	1	2260784	0.0000004
all	2329	1	2260784	0.0000004
all	2331	1	2260784	0.0000004
all	2332	1	2260784	0.0000004
all	2333	2	2260784	0.0000009
all	2334	2	2260784	0.0000009
all	2335	3	2260784	0.0000013
all	2336	2	2260784	0.0000009
all	2347	1	2260784	0.0000004
all	2349	1	2260784	0.0000004
all	2354	1	2260784	0.0000004
all	2358	2	2260784	0.0000009
all	2359	1	2260784	0.0000004
all	2361	1	2260784	0.0000004
all	2373	1	2260784	0.0000004
all	2380	3	2260784	0.0000013
all	2393	1	2260784	0.0000004
all	2394	1	2260784	0.0000004
all	2396	2	2260784	0.0000009
all	2405	1	2260784	0.0000004
all	2409	1	2260784	0.0000004
all	2412	1	2260784	0.0000004
all	2413	1	2260784	0.0000004
all	2415	1	2260784	0.0000004
all	2422	2	2260784	0.0000009
all	2427	2	2260784	0.0000009
all	2428	2	2260784	0.0000009
all	2431	1	2260784	0.0000004
all	2434	1	2260784	0.0000004
all	2437	1	2260784	0.0000004
all	2439	1	2260784	0.0000004
all	2441	2	2260784	0.0000009
all	2442	2	2260784	0.0000009
all	2443	2	2260784	0.0000009
all	2444	2	2260784	0.0000009
all	2446	2	2260784	0.0000009
all	2451	4	2260784	0.0000018
all	2454	1	2260784	0.0000004
all	2456	1	2260784	0.0000004
all	2457	2	2260784	0.0000009
all	2459	2	2260784	0.0000009
all	2460	2	2260784	0.0000009
all	2461	2	2260784	0.0000009
all	2465	1	2260784	0.0000004
all	2466	2	2260784	0.0000009
all	2467	2	2260784	0.0000009
all	2469	4	2260784	0.0000018
all	2472	2	2260784	0.0000009
all	2473	2	2260784	0.0000009
all	2474	3	2260784	0.0000013
all	2475	2	2260784	0.0000009
all	2477	2	2260784	0.0000009
all	2479	2	2260784	0.0000009
all	2481	2	2260784	0.0000009
all	2482	1	2260784	0.0000004
all	2488	2	2260784	0.0000009
all	2492	2	2260784	0.0000009
all	2494	2	2260784	0.0000009
all	2498	2	2260784	0.0000009
all	2501	2	2260784	0.0000009
all	2506	2	2260784	0.0000009
all	2509	2	2260784	0.0000009
all	2512	1	2260784	0.0000004
all	2514	2	2260784	0.0000009
all	2516	1	2260784	0.0000004
all	2522	2	2260784	0.0000009
all	2530	1	2260784	0.0000004
all	2532	2	2260784	0.0000009
all	2535	1	2260784	0.0000004
all	2536	2	2260784	0.0000009
all	2539	1	2260784	0.0000004
all	2544	1	2260784	0.0000004
all	2545	2	2260784	0.0000009
all	2547	1	2260784	0.0000004
all	2550	2	2260784	0.0000009
all	2554	2	2260784	0.0000009
all	2555	4	2260784	0.0000018
all	2556	4	2260784	0.0000018
all	2557	2	2260784	0.0000009
all	2558	3	2260784	0.0000013
all	2559	1	2260784	0.0000004
all	2562	2	2260784	0.0000009
all	2566	2	2260784	0.0000009
all	2567	4	2260784	0.0000018
all	2568	2	2260784	0.0000009
all	2570	2	2260784	0.0000009
all	2571	2	2260784	0.0000009
all	2576	2	2260784	0.0000009
all	2578	2	2260784	0.0000009
all	2580	5	2260784	0.0000022
all	2584	4	2260784	0.0000018
all	2589	3	2260784	0.0000013
all	2591	7	2260784	0.0000031
all	2594	3	2260784	0.0000013
all	2595	1	2260784	0.0000004
all	2598	2	2260784	0.0000009
all	2599	3	2260784	0.0000013
all	2601	5	2260784	0.0000022
all	2603	2	2260784	0.0000009
all	2605	1	2260784	0.0000004
all	2606	2	2260784	0.0000009
all	2608	2	2260784	0.0000009
all	2610	2	2260784	0.0000009
all	2611	3	2260784	0.0000013
all	2612	3	2260784	0.0000013
all	2614	2	2260784	0.0000009
all	2615	2	2260784	0.0000009
all	2616	2	2260784	0.0000009
all	2618	2	2260784	0.0000009
all	2620	6	2260784	0.0000027
all	2622	1	2260784	0.0000004
all	2623	2	2260784	0.0000009
all	2625	4	2260784	0.0000018
all	2629	1	2260784	0.0000004
all	2632	1	2260784	0.0000004
all	2634	2	2260784	0.0000009
all	2636	3	2260784	0.0000013
all	2640	2	2260784	0.0000009
all	2641	1	2260784	0.0000004
all	2642	3	2260784	0.0000013
all	2643	6	2260784	0.0000027
all	2644	1	2260784	0.0000004
all	2646	3	2260784	0.0000013
all	2649	1	2260784	0.0000004
all	2650	2	2260784	0.0000009
all	2652	1	2260784	0.0000004
all	2653	1	2260784	0.0000004
all	2658	2	2260784	0.0000009
all	2659	1	2260784	0.0000004
all	2663	2	2260784	0.0000009
all	2664	1	2260784	0.0000004
all	2667	4	2260784	0.0000018
all	2668	2	2260784	0.0000009
all	2669	2	2260784	0.0000009
all	2673	3	2260784	0.0000013
all	2676	2	2260784	0.0000009
all	2677	2	2260784	0.0000009
all	2678	3	2260784	0.0000013
all	2679	3	2260784	0.0000013
all	2680	1	2260784	0.0000004
all	2681	2	2260784	0.0000009
all	2682	2	2260784	0.0000009
all	2684	2	2260784	0.0000009
all	2688	2	2260784	0.0000009
all	2689	4	2260784	0.0000018
all	2694	2	2260784	0.0000009
all	2695	2	2260784	0.0000009
all	2696	2	2260784	0.0000009
all	2698	1	2260784	0.0000004
all	2699	4	2260784	0.0000018
all	2700	2	2260784	0.0000009
all	2701	2	2260784	0.0000009
all	2703	6	2260784	0.0000027
all	2704	2	2260784	0.0000009
all	2708	2	2260784	0.0000009
all	2709	2	2260784	0.0000009
all	2712	1	2260784	0.0000004
all	2713	3	2260784	0.0000013
all	2716	2	2260784	0.0000009
all	2717	2	2260784	0.0000009
all	2718	3	2260784	0.0000013
all	2719	4	2260784	0.0000018
all	2720	1	2260784	0.0000004
all	2722	2	2260784	0.0000009
all	2724	4	2260784	0.0000018
all	2725	2	2260784	0.0000009
all	2726	2	2260784	0.0000009
all	2729	2	2260784	0.0000009
all	2730	2	2260784	0.0000009
all	2732	10	2260784	0.0000044
all	2733	4	2260784	0.0000018
all	2734	2	2260784	0.0000009
all	2735	2	2260784	0.0000009
all	2736	2	2260784	0.0000009
all	2737	6	2260784	0.0000027
all	2738	2	2260784	0.0000009
all	2739	4	2260784	0.0000018
all	2741	2	2260784	0.0000009
all	2742	2	2260784	0.0000009
all	2743	1	2260784	0.0000004
all	2744	4	2260784	0.0000018
all	2745	2	2260784	0.0000009
all	2746	6	2260784	0.0000027
all	2748	3	2260784	0.0000013
all	2749	3	2260784	0.0000013
all	2750	4	2260784	0.0000018
all	2751	2	2260784	0.0000009
all	2752	2	2260784	0.0000009
all	2753	2	2260784	0.0000009
all	2755	2	2260784	0.0000009
all	2756	2	2260784	0.0000009
all	2757	2	2260784	0.0000009
all	2758	2	2260784	0.0000009
all	2760	4	2260784	0.0000018
all	2762	2	2260784	0.0000009
all	2763	1	2260784	0.0000004
all	2765	2	2260784	0.0000009
all	2767	2	2260784	0.0000009
all	2768	2	2260784	0.0000009
all	2769	2	2260784	0.0000009
all	2770	4	2260784	0.0000018
all	2771	2	2260784	0.0000009
all	2772	2	2260784	0.0000009
all	2773	2	2260784	0.0000009
all	2774	3	2260784	0.0000013
all	2775	4	2260784	0.0000018
all	2776	4	2260784	0.0000018
all	2777	2	2260784	0.0000009
all	2778	4	2260784	0.0000018
all	2779	4	2260784	0.0000018
all	2780	2	2260784	0.0000009
all	2781	6	2260784	0.0000027
all	2782	2	2260784	0.0000009
all	2785	5	2260784	0.0000022
all	2786	4	2260784	0.0000018
all	2787	3	2260784	0.0000013
all	2790	7	2260784	0.0000031
all	2791	2	2260784	0.0000009
all	2793	2	2260784	0.0000009
all	2794	2	2260784	0.0000009
all	2795	2	2260784	0.0000009
all	2796	1	2260784	0.0000004
all	2797	5	2260784	0.0000022
all	2798	2	2260784	0.0000009
all	2799	2	2260784	0.0000009
all	2803	2	2260784	0.0000009
all	2805	2	2260784	0.0000009
all	2809	2	2260784	0.0000009
all	2810	4	2260784	0.0000018
all	2811	5	2260784	0.0000022
all	2813	3	2260784	0.0000013
all	2814	1	2260784	0.0000004
all	2815	3	2260784	0.0000013
all	2816	4	2260784	0.0000018
all	2819	4	2260784	0.0000018
all	2822	3	2260784	0.0000013
all	2824	1	2260784	0.0000004
all	2827	5	2260784	0.0000022
all	2832	2	2260784	0.0000009
all	2836	2	2260784	0.0000009
all	2838	1	2260784	0.0000004
all	2841	4	2260784	0.0000018
all	2842	1	2260784	0.0000004
all	2846	1	2260784	0.0000004
all	2848	1	2260784	0.0000004
all	2850	2	2260784	0.0000009
all	2853	2	2260784	0.0000009
all	2856	1	2260784	0.0000004
all	2858	2	2260784	0.0000009
all	2859	2	2260784	0.0000009
all	2861	2	2260784	0.0000009
all	2862	2	2260784	0.0000009
all	2863	2	2260784	0.0000009
all	2864	2	2260784	0.0000009
all	2865	4	2260784	0.0000018
all	2866	2	2260784	0.0000009
all	2867	1	2260784	0.0000004
all	2868	2	2260784	0.0000009
all	2869	6	2260784	0.0000027
all	2870	2	2260784	0.0000009
all	2871	2	2260784	0.0000009
all	2872	1	2260784	0.0000004
all	2874	1	2260784	0.0000004
all	2875	2	2260784	0.0000009
all	2876	3	2260784	0.0000013
all	2877	3	2260784	0.0000013
all	2879	2	2260784	0.0000009
all	2883	2	2260784	0.0000009
all	2884	1	2260784	0.0000004
all	2886	1	2260784	0.0000004
all	2891	1	2260784	0.0000004
all	2892	1	2260784	0.0000004
all	2893	5	2260784	0.0000022
all	2895	2	2260784	0.0000009
all	2899	2	2260784	0.0000009
all	2900	2	2260784	0.0000009
all	2902	3	2260784	0.0000013
all	2903	2	2260784	0.0000009
all	2905	2	2260784	0.0000009
all	2907	2	2260784	0.0000009
all	2909	4	2260784	0.0000018
all	2916	2	2260784	0.0000009
all	2917	4	2260784	0.0000018
all	2919	2	2260784	0.0000009
all	2922	2	2260784	0.0000009
all	2923	2	2260784	0.0000009
all	2927	2	2260784	0.0000009
all	2933	4	2260784	0.0000018
all	2934	2	2260784	0.0000009
all	2939	2	2260784	0.0000009
all	2942	2	2260784	0.0000009
all	2943	2	2260784	0.0000009
all	2944	2	2260784	0.0000009
all	2945	2	2260784	0.0000009
all	2950	2	2260784	0.0000009
all	2954	2	2260784	0.0000009
all	2955	2	2260784	0.0000009
all	2961	2	2260784	0.0000009
all	2963	2	2260784	0.0000009
all	2966	2	2260784	0.0000009
all	2970	2	2260784	0.0000009
all	2974	2	2260784	0.0000009
all	2975	5	2260784	0.0000022
all	2979	2	2260784	0.0000009
all	2981	2	2260784	0.0000009
all	2982	1	2260784	0.0000004
all	2996	4	2260784	0.0000018
all	2998	2	2260784	0.0000009
all	3001	2	2260784	0.0000009
all	3002	2	2260784	0.0000009
all	3004	1	2260784	0.0000004
all	3005	1	2260784	0.0000004
all	3009	4	2260784	0.0000018
all	3011	2	2260784	0.0000009
all	3013	4	2260784	0.0000018
all	3014	2	2260784	0.0000009
all	3032	2	2260784	0.0000009
all	3043	2	2260784	0.0000009
all	3047	2	2260784	0.0000009
all	3048	2	2260784	0.0000009
all	3049	2	2260784	0.0000009
all	3052	2	2260784	0.0000009
all	3053	2	2260784	0.0000009
all	3062	2	2260784	0.0000009
all	3070	2	2260784	0.0000009
all	3087	2	2260784	0.0000009
all	3097	4	2260784	0.0000018
all	3108	2	2260784	0.0000009
all	3116	2	2260784	0.0000009
all	3123	2	2260784	0.0000009
all	3124	2	2260784	0.0000009
all	3130	4	2260784	0.0000018
all	3134	4	2260784	0.0000018
all	3138	2	2260784	0.0000009
all	3139	2	2260784	0.0000009
all	3142	2	2260784	0.0000009
all	3143	2	2260784	0.0000009
all	3152	2	2260784	0.0000009
all	3155	2	2260784	0.0000009
all	3159	2	2260784	0.0000009
all	3162	2	2260784	0.0000009
all	3163	2	2260784	0.0000009
all	3167	2	2260784	0.0000009
all	3170	2	2260784	0.0000009
all	3171	2	2260784	0.0000009
all	3178	2	2260784	0.0000009
all	3181	2	2260784	0.0000009
all	3200	2	2260784	0.0000009
all	3207	2	2260784	0.0000009
all	3212	2	2260784	0.0000009
all	3223	2	2260784	0.0000009
all	3230	4	2260784	0.0000018
all	3240	2	2260784	0.0000009
all	3242	2	2260784	0.0000009
all	3248	2	2260784	0.0000009
all	3250	2	2260784	0.0000009
all	3251	2	2260784	0.0000009
all	3257	2	2260784	0.0000009
all	3273	2	2260784	0.0000009
all	3285	2	2260784	0.0000009
all	3300	2	2260784	0.0000009
all	3303	2	2260784	0.0000009
all	3318	2	2260784	0.0000009
all	3326	2	2260784	0.0000009
all	3329	2	2260784	0.0000009
all	3330	2	2260784	0.0000009
all	3337	2	2260784	0.0000009
all	3338	2	2260784	0.0000009
all	3346	2	2260784	0.0000009
all	3351	2	2260784	0.0000009
all	3353	2	2260784	0.0000009
all	3356	2	2260784	0.0000009
all	3359	2	2260784	0.0000009
all	3360	2	2260784	0.0000009
all	3367	2	2260784	0.0000009
all	3368	2	2260784	0.0000009
all	3370	2	2260784	0.0000009
all	3371	2	2260784	0.0000009
all	3387	1	2260784	0.0000004
all	3391	3	2260784	0.0000013
all	3402	2	2260784	0.0000009
all	3416	2	2260784	0.0000009
all	3427	2	2260784	0.0000009
all	3432	2	2260784	0.0000009
all	3434	1	2260784	0.0000004
all	3436	2	2260784	0.0000009
all	3469	1	2260784	0.0000004
all	3472	1	2260784	0.0000004
all	3487	2	2260784	0.0000009
all	3499	2	2260784	0.0000009
all	3509	2	2260784	0.0000009
all	3524	3	2260784	0.0000013
all	3529	1	2260784	0.0000004
all	3543	3	2260784	0.0000013
all	3553	2	2260784	0.0000009
all	3560	2	2260784	0.0000009
all	3566	2	2260784	0.0000009
all	3571	2	2260784	0.0000009
all	3577	2	2260784	0.0000009
all	3583	2	2260784	0.0000009
all	3587	2	2260784	0.0000009
all	3601	4	2260784	0.0000018
all	3606	2	2260784	0.0000009
all	3610	1	2260784	0.0000004
all	3613	2	2260784	0.0000009
all	3624	2	2260784	0.0000009
all	3625	4	2260784	0.0000018
all	3626	1	2260784	0.0000004
all	3631	1	2260784	0.0000004
all	3633	2	2260784	0.0000009
all	3639	2	2260784	0.0000009
all	3642	3	2260784	0.0000013
all	3644	2	2260784	0.0000009
all	3645	2	2260784	0.0000009
all	3647	2	2260784	0.0000009
all	3653	2	2260784	0.0000009
all	3655	2	2260784	0.0000009
all	3659	2	2260784	0.0000009
all	3665	5	2260784	0.0000022
all	3668	2	2260784	0.0000009
all	3670	2	2260784	0.0000009
all	3691	3	2260784	0.0000013
all	3693	2	2260784	0.0000009
all	3699	1	2260784	0.0000004
all	3701	1	2260784	0.0000004
all	3715	2	2260784	0.0000009
all	3718	2	2260784	0.0000009
all	3720	2	2260784	0.0000009
all	3721	2	2260784	0.0000009
all	3724	2	2260784	0.0000009
all	3725	2	2260784	0.0000009
all	3726	1	2260784	0.0000004
all	3729	2	2260784	0.0000009
all	3739	1	2260784	0.0000004
all	3740	2	2260784	0.0000009
all	3744	2	2260784	0.0000009
all	3750	4	2260784	0.0000018
all	3752	2	2260784	0.0000009
all	3755	2	2260784	0.0000009
all	3762	2	2260784	0.0000009
all	3763	1	2260784	0.0000004
all	3764	2	2260784	0.0000009
all	3777	2	2260784	0.0000009
all	3778	2	2260784	0.0000009
all	3780	2	2260784	0.0000009
all	3782	1	2260784	0.0000004
all	3787	2	2260784	0.0000009
all	3805	2	2260784	0.0000009
all	3807	2	2260784	0.0000009
all	3823	4	2260784	0.0000018
all	3846	2	2260784	0.0000009
all	3853	2	2260784	0.0000009
all	3854	2	2260784	0.0000009
all	3856	2	2260784	0.0000009
all	3863	2	2260784	0.0000009
all	3865	2	2260784	0.0000009
all	3867	2	2260784	0.0000009
all	3871	2	2260784	0.0000009
all	3877	2	2260784	0.0000009
all	3879	2	2260784	0.0000009
all	3880	2	2260784	0.0000009
all	3881	2	2260784	0.0000009
all	3882	2	2260784	0.0000009
all	3884	2	2260784	0.0000009
all	3891	4	2260784	0.0000018
all	3892	2	2260784	0.0000009
all	3894	2	2260784	0.0000009
all	3895	4	2260784	0.0000018
all	3897	2	2260784	0.0000009
all	3898	2	2260784	0.0000009
all	3900	2	2260784	0.0000009
all	3906	2	2260784	0.0000009
all	3907	2	2260784	0.0000009
all	3911	2	2260784	0.0000009
all	3917	2	2260784	0.0000009
all	3921	2	2260784	0.0000009
all	3926	4	2260784	0.0000018
all	3932	2	2260784	0.0000009
all	3939	2	2260784	0.0000009
all	3943	2	2260784	0.0000009
all	3946	2	2260784	0.0000009
all	3948	2	2260784	0.0000009
all	3955	2	2260784	0.0000009
all	3961	2	2260784	0.0000009
all	3969	2	2260784	0.0000009
all	3974	4	2260784	0.0000018
all	4012	2	2260784	0.0000009
all	4047	2	2260784	0.0000009
all	4050	2	2260784	0.0000009
all	4052	2	2260784	0.0000009
all	4069	2	2260784	0.0000009
all	4070	2	2260784	0.0000009
all	4077	2	2260784	0.0000009
all	4079	2	2260784	0.0000009
all	4082	2	2260784	0.0000009
all	4088	2	2260784	0.0000009
all	4094	2	2260784	0.0000009
all	4098	2	2260784	0.0000009
all	4101	2	2260784	0.0000009
all	4103	2	2260784	0.0000009
all	4124	2	2260784	0.0000009
all	4134	2	2260784	0.0000009
all	4175	2	2260784	0.0000009
all	4180	2	2260784	0.0000009
all	4194	2	2260784	0.0000009
all	4209	2	2260784	0.0000009
all	4214	2	2260784	0.0000009
all	4221	2	2260784	0.0000009
all	4225	2	2260784	0.0000009
