4 10 369 3
Loc_1
Loc_2
Loc_3
Loc_4
Loc_5
Loc_6
Loc_7
Loc_8
Loc_9
Loc_10
1   230243 363363 224224 140146 313313 328340 330330 150150 228242 205205
1   243243 363363 224224 140140 313313 316316 330334 150150 228244 205205
1   226243 363363 224224 140140 309313 324328 330330 150150 228244 205205
1   243243 363363 224224 140140 313333 316324 330334 150150 230244 205205
1   230243 363363 222224 140140 309333 324328 330338 150150 228244 205205
1   230243 363363 224224 140146 313333 316328 338338 150150 230244 205205
1   243243 363363 224224 140140 313313 320328 338338 150150 230230 215215
1   226243 363363 224224 140146 313313 328328 330330 150150 228244 205205
1   226226 363363 224224 140140 313313 328340 330338 150150 244244 205205
1   208230 363367      0 140146 315333 300340 330338 150174 228230 205209
1   226243 363363 224224 140146 313313 316328 330338 150150 240244 215215
1   243245 363363 224224 140140 313333 316332 330338 150150 228230 215215
1   230230 363363 224224 140140 313333 316340 338338      0      0      0
1   226243 357357 224224 140140 313313 324332 338338 150150 228230 205205
1   230230 363363 224224 140146 313313 316340 330338 150150 228244 205205
1   243245 363363 224224 140140 313333 316332 330338 150150 228230 215215
1   243243 363363 224224 140146 313313 316340 338338 150150 230244 205205
1   230243 363363 224224 140146 313313 332344 338338      0 228228 215215
1   243245 363363 224224 140140 313333 316316 330334 150150 230244 205205
1   230243 363363 224224 140140 313313 316324 330338 150150 228230 205205
1   243243 363363 224224 140140 313333 316340 330338 150150 228230 205205
1   226243 363363 224224 140140 313333 328344 330330 150150 242242 205205
1   226230 363363 224224 140140 313313 340340 330330 150150 228244 205205
1   226243 363363 222224 140140 313313 316324 338338 150150 228244 205205
1   230243 363363 224224 140140 313313 316316 338338 150150 230244 205205
1   230243 363363 224224 140140 313333 316324 330338 150150 228228 205205
1   226243 363363 224224 140146 313313 316340 330338 150150 230242 205215
1   226243 363363 224224 140140 313313 316316 330338 150150 230242 215215
1   208243 363363      0 140140 313313 320328 338338 150150 230230 205215
1   226243 363363 224224 140140 313313 316316 330338 150150 230242 215215
1   226243 363363 224224 140140 313313 316340 330338 150150 240242 205205
1   243243 363363 224224 146146 309313 316344 338338 150150 230242 205205
1   226243 363363 224224 140140 313333 316340 338338 150150 244244 205207
1   230230 363363 224224 140146 313333 328344 330334 150150 244244 215215
1   226226 363363 224224 140146 313333 324344 330330 150150 230244 205205
1   243243 363363 224224 140140 313313      0      0      0 230230 205215
2   228230 359363 204220 144146 313331 320328 326338 146150 232242 205205
2   228230 363363 220228 148148 311311 336340 326338 146150 234242 205205
2   230232 363363 228228 140146 317331 328336 334338 150150 242248 205205
2   230230 363363 204212 140140 311317 300324 330330 146150 244244 205205
2   230234 363363 220228 140148 311331 336340 330338 150150 244248 205205
2   230230 363367 194204 140148 311331 300340 330338 142150 244246 205207
2   230232 363363 220224 140146 307335 324332 326330 142142 230232 205205
2   230230 363363 228228 140148      0 324328 338338 150150 244244 205205
2   212230 363363 210210 140140 331331 300336 326338 146150 240248 205205
2   230234 363363 212228 144148 307313 332336 338338 142150 230234 205205
2   228230 363363 194204 140148 317331 324352 326334 142150 232248 205207
2   234234 363365 204206 148148 307307 332332 326326 142142 230234 205207
2   228230 363363 210212 148148      0 300332 338338 150150 230234 205207
2   226230 363367 194210 144148 331331 322328 330334 146150 234244 205205
2   228230 363363 210216 144146 317331 316336 318334 150150 230248 205205
2   0 363363 212220 140144      0 324328 334338 150150 228242 207207
2   230234 363363 204220 140148 313313 312320 326338 142150 238240 205205
2   230230 363363 210212 140148 331331 324344 318326 146150 230248 205205
2   230234      0 224228 140144      0 320324 326330 146150 234244 205205
2   230234 359363 220228 140148 331331 322324 326338 142150 230244 207207
3   208228 363363 194224 146150 337337 344348 338338 150150 244248 207207
3   230269 367367 224224 146148 301337 328332 342342 150150 246248 205207
3   230230 367367 224224 148148 301337 324340 330334 146150 244248 205207
3   230230 363367 210224 148148 301337 324328 334342 150190 248248 205207
3   230232 367367 194224 146150 301337 324324 342342 146150 246248 205207
3   230232 363365 194224 144150 297337 324328 330342 150150 244244 205205
3   208232 365367 224224 148148 301301 328340 334338 150174 244244 205205
3   208269 363367 224224 148148 337337 328344 330342      0      0      0
3   230232 363367 224224 148148 337337 328348 334342 150150 244248 205207
3   230230 365367 224224 150150 317337 324344 342342      0      0      0
3   230230 367367 220224 144148 331337      0 334338 150150 228244 205205
3   208230 363367 194194 148150 301301 324328 342342 182182 244248 205207
3   230271 363363 210224 146148 301337 324348 342342 150150 244244 205205
3   230269 367367 206224 140148 301301 328344 334342 150190 244248 205205
3   232269 367367 224224 148148 301337 328328 342342 146150 244248 207207
3   230232 367367 194194 144150 337337 320344 342342 146146 248248 205207
3   208232 363367 210224 148148 301337 340344 334342 146150 244248 205205
3   230230 367367 194224 148150 337337 328340 330342 150182 244246 205205
3   230230 367367 224224 146146 301337 324352 338342 150190 244248 205205
3   230269 365369 224224 148148 301331 328356 334338 146150 244248 207207
3   232232 367367 194224 148150 337337      0      0 150190      0 205205
3   230230 367367 194224 146148 337337 328348 342342 150150 244248 205205
3   228230 367367 224224 150150 301337 328348 342342 150150 248248 205205
3   232269 363367 194224 144148 301337 324328 334334 150150 244248 205207
3   230269 365367 224224 148148 337337 328356 330334      0      0      0
3   230269      0 194224 148150 337337 324328 342342 146146 244248 205205
4   230234 365365 194210 146150 315315 340340 342342 150186 246246 211211
4   230234 365367 212212 146146 301301 312328 342342 182186 244246 211211
4   232234 365365 210212 146146 297297 356360 342342 186190 246246 211211
4   230234 365365 210210 146146 297297 340340 342342 186190 246246 207207
4   230234      0 210210 146146 315315 312344 338342 186186 246246 207207
4   232232 365367 212212 146146 315315 364364 342342 166190 246246 207207
4   230230 359365 210210 146146      0 344356 342346 158190 226244 211211
4   230234 365365 210210 146146      0 356360 342342 174190 226246 211211
4   232232 365365 210212 146146      0 312352 342342 166174 246246 207207
4   232234 365365 212212 146146      0 316344 342342 142150 246246 207207
4   230230 365365 210212 146146      0 312348 342342 190190 228244 211211
4   230234 365365 212212 146146 315315 348360 342342 186190 226246 211211
4   230230 365365 194228 146146      0 320328 334342 186186 226246 207207
4   234234 365365 210212 146146      0 316340 338342 158190 226246 211211
4   230234 365365 210210 146146 315315 312344 342342 166166 244246 207207
4   230234 365367 210212 146146      0 344364 342346 166166 246246 211211
4   0 365365 210212 146146      0 344360 330342 158166      0 211211
4   230230 365365 210212 146146 315315 312340 342342 158174 246258 211211
4   230234 365369 212212 146146 315315 312364 342342 158190 246246 211211
