4 10 367 3
Loc_1
Loc_2
Loc_3
Loc_4
Loc_5
Loc_6
Loc_7
Loc_8
Loc_9
Loc_10
1   230243 363363 224224 140140 313313 316324 330338 150150 228230 205205
1   226243 363363 222224 140140 313313 316324 338338 150150 228244 205205
1   243243 363363 224224 146146 309313 316344 338338 150150 230242 205205
1   226243 363363 224224 140140 313333 316340 338338 150150 244244 205207
2   230232 363363 228228 140146 317331 328336 334338 150150 242248 205205
2   230230 363363 204212 140140 311317 300324 330330 146150 244244 205205
2   230232 363363 220224 140146 307335 324332 326330 142142 230232 205205
2   212230 363363 210210 140140 331331 300336 326338 146150 240248 205205
3   230232 367367 194224 146150 301337 324324 342342 146150 246248 205207
3   230271 363363 210224 146148 301337 324348 342342 150150 244244 205205
3   230269 367367 206224 140148 301301 328344 334342 150190 244248 205205
3   232269 363367 194224 144148 301337 324328 334334 150150 244248 205207
4   230234 365365 194210 146150 315315 340340 342342 150186 246246 211211
4   230234 365365 210210 146146 297297 340340 342342 186190 246246 207207
4   232232 365367 212212 146146 315315 364364 342342 166190 246246 207207
4   230234 365365 210210 146146 315315 312344 342342 166166 244246 207207
