all	0	169100	2260784	0.0747971
all	1	34535	2260784	0.0152757
all	2	26033	2260784	0.0115150
all	3	23379	2260784	0.0103411
all	4	22318	2260784	0.0098718
all	5	16451	2260784	0.0072767
all	6	16860	2260784	0.0074576
all	7	15269	2260784	0.0067539
all	8	14962	2260784	0.0066181
all	9	13873	2260784	0.0061364
all	10	14096	2260784	0.0062350
all	11	12726	2260784	0.0056290
all	12	11908	2260784	0.0052672
all	13	12230	2260784	0.0054096
all	14	11643	2260784	0.0051500
all	15	11452	2260784	0.0050655
all	16	10596	2260784	0.0046869
all	17	10261	2260784	0.0045387
all	18	10418	2260784	0.0046081
all	19	10268	2260784	0.0045418
all	20	9816	2260784	0.0043419
all	21	9422	2260784	0.0041676
all	22	9510	2260784	0.0042065
all	23	9552	2260784	0.0042251
all	24	9416	2260784	0.0041649
all	25	9179	2260784	0.0040601
all	26	9306	2260784	0.0041163
all	27	9167	2260784	0.0040548
all	28	9391	2260784	0.0041539
all	29	9010	2260784	0.0039853
all	30	8620	2260784	0.0038128
all	31	8155	2260784	0.0036072
all	32	8424	2260784	0.0037261
all	33	8188	2260784	0.0036218
all	34	7965	2260784	0.0035231
all	35	8002	2260784	0.0035395
all	36	8163	2260784	0.0036107
all	37	7952	2260784	0.0035174
all	38	8078	2260784	0.0035731
all	39	7976	2260784	0.0035280
all	40	7995	2260784	0.0035364
all	41	7520	2260784	0.0033263
all	42	7670	2260784	0.0033926
all	43	7324	2260784	0.0032396
all	44	7238	2260784	0.0032015
all	45	7298	2260784	0.0032281
all	46	7787	2260784	0.0034444
all	47	7367	2260784	0.0032586
all	48	7186	2260784	0.0031785
all	49	7199	2260784	0.0031843
all	50	6929	2260784	0.0030649
all	51	7018	2260784	0.0031042
all	52	6866	2260784	0.0030370
all	53	6750	2260784	0.0029857
all	54	6896	2260784	0.0030503
all	55	6864	2260784	0.0030361
all	56	6428	2260784	0.0028433
all	57	6606	2260784	0.0029220
all	58	6483	2260784	0.0028676
all	59	6249	2260784	0.0027641
all	60	6539	2260784	0.0028924
all	61	6141	2260784	0.0027163
all	62	6581	2260784	0.0029109
all	63	6465	2260784	0.0028596
all	64	6582	2260784	0.0029114
all	65	6198	2260784	0.0027415
all	66	6317	2260784	0.0027942
all	67	6221	2260784	0.0027517
all	68	6144	2260784	0.0027176
all	69	5905	2260784	0.0026119
all	70	5808	2260784	0.0025690
all	71	5993	2260784	0.0026509
all	72	5746	2260784	0.0025416
all	73	6078	2260784	0.0026884
all	74	5933	2260784	0.0026243
all	75	5882	2260784	0.0026018
all	76	5885	2260784	0.0026031
all	77	5902	2260784	0.0026106
all	78	6143	2260784	0.0027172
all	79	5917	2260784	0.0026172
all	80	5695	2260784	0.0025190
all	81	5958	2260784	0.0026354
all	82	5593	2260784	0.0024739
all	83	5985	2260784	0.0026473
all	84	5638	2260784	0.0024938
all	85	5444	2260784	0.0024080
all	86	5559	2260784	0.0024589
all	87	5323	2260784	0.0023545
all	88	5385	2260784	0.0023819
all	89	5506	2260784	0.0024354
all	90	5549	2260784	0.0024545
all	91	5369	2260784	0.0023748
all	92	5181	2260784	0.0022917
all	93	5123	2260784	0.0022660
all	94	5396	2260784	0.0023868
all	95	5598	2260784	0.0024761
all	96	5447	2260784	0.0024093
all	97	5650	2260784	0.0024991
all	98	5486	2260784	0.0024266
all	99	5440	2260784	0.0024062
all	100	5385	2260784	0.0023819
all	101	5319	2260784	0.0023527
all	102	5439	2260784	0.0024058
all	103	5562	2260784	0.0024602
all	104	5387	2260784	0.0023828
all	105	5488	2260784	0.0024275
all	106	5374	2260784	0.0023771
all	107	5312	2260784	0.0023496
all	108	5481	2260784	0.0024244
all	109	5374	2260784	0.0023771
all	110	5339	2260784	0.0023616
all	111	5325	2260784	0.0023554
all	112	5076	2260784	0.0022452
all	113	5229	2260784	0.0023129
all	114	5206	2260784	0.0023027
all	115	5103	2260784	0.0022572
all	116	5101	2260784	0.0022563
all	117	5160	2260784	0.0022824
all	118	5141	2260784	0.0022740
all	119	4917	2260784	0.0021749
all	120	5157	2260784	0.0022811
all	121	5236	2260784	0.0023160
all	122	5121	2260784	0.0022651
all	123	4666	2260784	0.0020639
all	124	4916	2260784	0.0021745
all	125	4634	2260784	0.0020497
all	126	4664	2260784	0.0020630
all	127	4818	2260784	0.0021311
all	128	4885	2260784	0.0021608
all	129	4805	2260784	0.0021254
all	130	4848	2260784	0.0021444
all	131	4870	2260784	0.0021541
all	132	4874	2260784	0.0021559
all	133	4918	2260784	0.0021754
all	134	4937	2260784	0.0021838
all	135	5043	2260784	0.0022306
all	136	5033	2260784	0.0022262
all	137	4936	2260784	0.0021833
all	138	4812	2260784	0.0021285
all	139	4611	2260784	0.0020396
all	140	4731	2260784	0.0020926
all	141	4574	2260784	0.0020232
all	142	4591	2260784	0.0020307
all	143	4702	2260784	0.0020798
all	144	4502	2260784	0.0019913
all	145	4515	2260784	0.0019971
all	146	4788	2260784	0.0021178
all	147	4482	2260784	0.0019825
all	148	4795	2260784	0.0021209
all	149	4612	2260784	0.0020400
all	150	4399	2260784	0.0019458
all	151	4422	2260784	0.0019560
all	152	4585	2260784	0.0020281
all	153	4541	2260784	0.0020086
all	154	4498	2260784	0.0019896
all	155	4356	2260784	0.0019268
all	156	4437	2260784	0.0019626
all	157	4356	2260784	0.0019268
all	158	4519	2260784	0.0019989
all	159	4332	2260784	0.0019161
all	160	4341	2260784	0.0019201
all	161	4509	2260784	0.0019944
all	162	4325	2260784	0.0019131
all	163	4642	2260784	0.0020533
all	164	4494	2260784	0.0019878
all	165	4268	2260784	0.0018878
all	166	4445	2260784	0.0019661
all	167	4344	2260784	0.0019215
all	168	4209	2260784	0.0018617
all	169	4313	2260784	0.0019077
all	170	4471	2260784	0.0019776
all	171	4285	2260784	0.0018954
all	172	4339	2260784	0.0019192
all	173	4429	2260784	0.0019591
all	174	4299	2260784	0.0019016
all	175	4200	2260784	0.0018578
all	176	4204	2260784	0.0018595
all	177	4281	2260784	0.0018936
all	178	4252	2260784	0.0018808
all	179	4089	2260784	0.0018087
all	180	4202	2260784	0.0018586
all	181	4110	2260784	0.0018180
all	182	4112	2260784	0.0018188
all	183	4109	2260784	0.0018175
all	184	3927	2260784	0.0017370
all	185	4065	2260784	0.0017980
all	186	4178	2260784	0.0018480
all	187	4141	2260784	0.0018317
all	188	4037	2260784	0.0017857
all	189	3934	2260784	0.0017401
all	190	4087	2260784	0.0018078
all	191	3988	2260784	0.0017640
all	192	4020	2260784	0.0017781
all	193	3915	2260784	0.0017317
all	194	3995	2260784	0.0017671
all	195	4060	2260784	0.0017958
all	196	4089	2260784	0.0018087
all	197	3960	2260784	0.0017516
all	198	3829	2260784	0.0016937
all	199	3831	2260784	0.0016945
all	200	3905	2260784	0.0017273
all	201	3828	2260784	0.0016932
all	202	3817	2260784	0.0016884
all	203	3900	2260784	0.0017251
all	204	3870	2260784	0.0017118
all	205	3816	2260784	0.0016879
all	206	3621	2260784	0.0016017
all	207	3597	2260784	0.0015910
all	208	3776	2260784	0.0016702
all	209	3826	2260784	0.0016923
all	210	3571	2260784	0.0015795
all	211	3614	2260784	0.0015986
all	212	3611	2260784	0.0015972
all	213	3634	2260784	0.0016074
all	214	3555	2260784	0.0015725
all	215	3636	2260784	0.0016083
all	216	3555	2260784	0.0015725
all	217	3584	2260784	0.0015853
all	218	3513	2260784	0.0015539
all	219	3563	2260784	0.0015760
all	220	3693	2260784	0.0016335
all	221	3623	2260784	0.0016025
all	222	3392	2260784	0.0015004
all	223	3454	2260784	0.0015278
all	224	3581	2260784	0.0015840
all	225	3453	2260784	0.0015273
all	226	3568	2260784	0.0015782
all	227	3489	2260784	0.0015433
all	228	3508	2260784	0.0015517
all	229	3449	2260784	0.0015256
all	230	3532	2260784	0.0015623
all	231	3498	2260784	0.0015473
all	232	3491	2260784	0.0015442
all	233	3324	2260784	0.0014703
all	234	3335	2260784	0.0014752
all	235	3386	2260784	0.0014977
all	236	3201	2260784	0.0014159
all	237	3277	2260784	0.0014495
all	238	3256	2260784	0.0014402
all	239	3286	2260784	0.0014535
all	240	3242	2260784	0.0014340
all	241	3231	2260784	0.0014292
all	242	3280	2260784	0.0014508
all	243	3189	2260784	0.0014106
all	244	3194	2260784	0.0014128
all	245	3083	2260784	0.0013637
all	246	3204	2260784	0.0014172
all	247	3198	2260784	0.0014146
all	248	3116	2260784	0.0013783
all	249	3187	2260784	0.0014097
all	250	3248	2260784	0.0014367
all	251	3319	2260784	0.0014681
all	252	3164	2260784	0.0013995
all	253	3309	2260784	0.0014637
all	254	3099	2260784	0.0013708
all	255	3221	2260784	0.0014247
all	256	3203	2260784	0.0014168
all	257	3174	2260784	0.0014039
all	258	3059	2260784	0.0013531
all	259	3146	2260784	0.0013916
all	260	3275	2260784	0.0014486
all	261	3130	2260784	0.0013845
all	262	3081	2260784	0.0013628
all	263	3183	2260784	0.0014079
all	264	3146	2260784	0.0013916
all	265	3026	2260784	0.0013385
all	266	3146	2260784	0.0013916
all	267	3007	2260784	0.0013301
all	268	3031	2260784	0.0013407
all	269	3214	2260784	0.0014216
all	270	2992	2260784	0.0013234
all	271	2897	2260784	0.0012814
all	272	2959	2260784	0.0013088
all	273	3037	2260784	0.0013433
all	274	2967	2260784	0.0013124
all	275	2803	2260784	0.0012398
all	276	2818	2260784	0.0012465
all	277	3035	2260784	0.0013425
all	278	2926	2260784	0.0012942
all	279	2869	2260784	0.0012690
all	280	2864	2260784	0.0012668
all	281	2945	2260784	0.0013026
all	282	2886	2260784	0.0012765
all	283	2946	2260784	0.0013031
all	284	2747	2260784	0.0012151
all	285	2713	2260784	0.0012000
all	286	2738	2260784	0.0012111
all	287	2661	2260784	0.0011770
all	288	2798	2260784	0.0012376
all	289	2636	2260784	0.0011660
all	290	2679	2260784	0.0011850
all	291	2809	2260784	0.0012425
all	292	2776	2260784	0.0012279
all	293	2830	2260784	0.0012518
all	294	3007	2260784	0.0013301
all	295	2786	2260784	0.0012323
all	296	2785	2260784	0.0012319
all	297	2796	2260784	0.0012367
all	298	2761	2260784	0.0012213
all	299	2799	2260784	0.0012381
all	300	2759	2260784	0.0012204
all	301	2772	2260784	0.0012261
all	302	2752	2260784	0.0012173
all	303	2691	2260784	0.0011903
all	304	2758	2260784	0.0012199
all	305	2566	2260784	0.0011350
all	306	2681	2260784	0.0011859
all	307	2586	2260784	0.0011439
all	308	2592	2260784	0.0011465
all	309	2465	2260784	0.0010903
all	310	2562	2260784	0.0011332
all	311	2569	2260784	0.0011363
all	312	2507	2260784	0.0011089
all	313	2509	2260784	0.0011098
all	314	2450	2260784	0.0010837
all	315	2543	2260784	0.0011248
all	316	2429	2260784	0.0010744
all	317	2416	2260784	0.0010687
all	318	2535	2260784	0.0011213
all	319	2505	2260784	0.0011080
all	320	2434	2260784	0.0010766
all	321	2418	2260784	0.0010695
all	322	2426	2260784	0.0010731
all	323	2378	2260784	0.0010518
all	324	2429	2260784	0.0010744
all	325	2383	2260784	0.0010541
all	326	2262	2260784	0.0010005
all	327	2359	2260784	0.0010434
all	328	2283	2260784	0.0010098
all	329	2373	2260784	0.0010496
all	330	2235	2260784	0.0009886
all	331	2368	2260784	0.0010474
all	332	2427	2260784	0.0010735
all	333	2413	2260784	0.0010673
all	334	2410	2260784	0.0010660
all	335	2348	2260784	0.0010386
all	336	2276	2260784	0.0010067
all	337	2247	2260784	0.0009939
all	338	2296	2260784	0.0010156
all	339	2239	2260784	0.0009904
all	340	2206	2260784	0.0009758
all	341	2137	2260784	0.0009452
all	342	2159	2260784	0.0009550
all	343	2124	2260784	0.0009395
all	344	2118	2260784	0.0009368
all	345	2129	2260784	0.0009417
all	346	2179	2260784	0.0009638
all	347	2105	2260784	0.0009311
all	348	1920	2260784	0.0008493
all	349	2014	2260784	0.0008908
all	350	2008	2260784	0.0008882
all	351	2038	2260784	0.0009015
all	352	2070	2260784	0.0009156
all	353	2082	2260784	0.0009209
all	354	2024	2260784	0.0008953
all	355	2099	2260784	0.0009284
all	356	2055	2260784	0.0009090
all	357	1964	2260784	0.0008687
all	358	2030	2260784	0.0008979
all	359	1904	2260784	0.0008422
all	360	1888	2260784	0.0008351
all	361	1989	2260784	0.0008798
all	362	1838	2260784	0.0008130
all	363	1912	2260784	0.0008457
all	364	1882	2260784	0.0008325
all	365	1935	2260784	0.0008559
all	366	1912	2260784	0.0008457
all	367	1870	2260784	0.0008271
all	368	1936	2260784	0.0008563
all	369	1866	2260784	0.0008254
all	370	1871	2260784	0.0008276
all	371	1932	2260784	0.0008546
all	372	1771	2260784	0.0007834
all	373	1815	2260784	0.0008028
all	374	1852	2260784	0.0008192
all	375	1863	2260784	0.0008241
all	376	1909	2260784	0.0008444
all	377	1801	2260784	0.0007966
all	378	1765	2260784	0.0007807
all	379	1762	2260784	0.0007794
all	380	1885	2260784	0.0008338
all	381	1900	2260784	0.0008404
all	382	1795	2260784	0.0007940
all	383	1748	2260784	0.0007732
all	384	1758	2260784	0.0007776
all	385	1792	2260784	0.0007926
all	386	1730	2260784	0.0007652
all	387	1842	2260784	0.0008148
all	388	1658	2260784	0.0007334
all	389	1776	2260784	0.0007856
all	390	1660	2260784	0.0007343
all	391	1690	2260784	0.0007475
all	392	1707	2260784	0.0007550
all	393	1671	2260784	0.0007391
all	394	1656	2260784	0.0007325
all	395	1680	2260784	0.0007431
all	396	1640	2260784	0.0007254
all	397	1666	2260784	0.0007369
all	398	1622	2260784	0.0007175
all	399	1723	2260784	0.0007621
all	400	1655	2260784	0.0007320
all	401	1568	2260784	0.0006936
all	402	1757	2260784	0.0007772
all	403	1664	2260784	0.0007360
all	404	1578	2260784	0.0006980
all	405	1570	2260784	0.0006944
all	406	1641	2260784	0.0007259
all	407	1577	2260784	0.0006975
all	408	1513	2260784	0.0006692
all	409	1517	2260784	0.0006710
all	410	1578	2260784	0.0006980
all	411	1600	2260784	0.0007077
all	412	1509	2260784	0.0006675
all	413	1566	2260784	0.0006927
all	414	1562	2260784	0.0006909
all	415	1578	2260784	0.0006980
all	416	1460	2260784	0.0006458
all	417	1492	2260784	0.0006599
all	418	1417	2260784	0.0006268
all	419	1371	2260784	0.0006064
all	420	1380	2260784	0.0006104
all	421	1466	2260784	0.0006484
all	422	1493	2260784	0.0006604
all	423	1453	2260784	0.0006427
all	424	1435	2260784	0.0006347
all	425	1486	2260784	0.0006573
all	426	1420	2260784	0.0006281
all	427	1343	2260784	0.0005940
all	428	1332	2260784	0.0005892
all	429	1452	2260784	0.0006423
all	430	1369	2260784	0.0006055
all	431	1363	2260784	0.0006029
all	432	1367	2260784	0.0006047
all	433	1311	2260784	0.0005799
all	434	1303	2260784	0.0005763
all	435	1262	2260784	0.0005582
all	436	1323	2260784	0.0005852
all	437	1346	2260784	0.0005954
all	438	1237	2260784	0.0005472
all	439	1356	2260784	0.0005998
all	440	1233	2260784	0.0005454
all	441	1248	2260784	0.0005520
all	442	1296	2260784	0.0005733
all	443	1251	2260784	0.0005533
all	444	1176	2260784	0.0005202
all	445	1214	2260784	0.0005370
all	446	1252	2260784	0.0005538
all	447	1204	2260784	0.0005326
all	448	1217	2260784	0.0005383
all	449	1169	2260784	0.0005171
all	450	1147	2260784	0.0005073
all	451	1230	2260784	0.0005441
all	452	1237	2260784	0.0005472
all	453	1190	2260784	0.0005264
all	454	1167	2260784	0.0005162
all	455	1111	2260784	0.0004914
all	456	1126	2260784	0.0004981
all	457	1140	2260784	0.0005042
all	458	1185	2260784	0.0005242
all	459	1066	2260784	0.0004715
all	460	1136	2260784	0.0005025
all	461	1174	2260784	0.0005193
all	462	1115	2260784	0.0004932
all	463	1106	2260784	0.0004892
all	464	1065	2260784	0.0004711
all	465	1134	2260784	0.0005016
all	466	1004	2260784	0.0004441
all	467	1109	2260784	0.0004905
all	468	1093	2260784	0.0004835
all	469	998	2260784	0.0004414
all	470	1096	2260784	0.0004848
all	471	1099	2260784	0.0004861
all	472	989	2260784	0.0004375
all	473	1100	2260784	0.0004866
all	474	1052	2260784	0.0004653
all	475	985	2260784	0.0004357
all	476	1103	2260784	0.0004879
all	477	1102	2260784	0.0004874
all	478	1106	2260784	0.0004892
all	479	999	2260784	0.0004419
all	480	1121	2260784	0.0004958
all	481	995	2260784	0.0004401
all	482	1066	2260784	0.0004715
all	483	987	2260784	0.0004366
all	484	1088	2260784	0.0004812
all	485	1025	2260784	0.0004534
all	486	972	2260784	0.0004299
all	487	972	2260784	0.0004299
all	488	973	2260784	0.0004304
all	489	980	2260784	0.0004335
all	490	1063	2260784	0.0004702
all	491	1011	2260784	0.0004472
all	492	982	2260784	0.0004344
all	493	1015	2260784	0.0004490
all	494	929	2260784	0.0004109
all	495	891	2260784	0.0003941
all	496	888	2260784	0.0003928
all	497	958	2260784	0.0004237
all	498	868	2260784	0.0003839
all	499	923	2260784	0.0004083
all	500	847	2260784	0.0003746
all	501	872	2260784	0.0003857
all	502	857	2260784	0.0003791
all	503	819	2260784	0.0003623
all	504	865	2260784	0.0003826
all	505	828	2260784	0.0003662
all	506	790	2260784	0.0003494
all	507	815	2260784	0.0003605
all	508	811	2260784	0.0003587
all	509	844	2260784	0.0003733
all	510	730	2260784	0.0003229
all	511	751	2260784	0.0003322
all	512	811	2260784	0.0003587
all	513	831	2260784	0.0003676
all	514	793	2260784	0.0003508
all	515	818	2260784	0.0003618
all	516	838	2260784	0.0003707
all	517	786	2260784	0.0003477
all	518	786	2260784	0.0003477
all	519	770	2260784	0.0003406
all	520	771	2260784	0.0003410
all	521	784	2260784	0.0003468
all	522	738	2260784	0.0003264
all	523	715	2260784	0.0003163
all	524	745	2260784	0.0003295
all	525	765	2260784	0.0003384
all	526	723	2260784	0.0003198
all	527	726	2260784	0.0003211
all	528	798	2260784	0.0003530
all	529	791	2260784	0.0003499
all	530	645	2260784	0.0002853
all	531	695	2260784	0.0003074
all	532	726	2260784	0.0003211
all	533	736	2260784	0.0003256
all	534	661	2260784	0.0002924
all	535	678	2260784	0.0002999
all	536	662	2260784	0.0002928
all	537	664	2260784	0.0002937
all	538	607	2260784	0.0002685
all	539	796	2260784	0.0003521
all	540	686	2260784	0.0003034
all	541	613	2260784	0.0002711
all	542	661	2260784	0.0002924
all	543	668	2260784	0.0002955
all	544	615	2260784	0.0002720
all	545	674	2260784	0.0002981
all	546	631	2260784	0.0002791
all	547	653	2260784	0.0002888
all	548	605	2260784	0.0002676
all	549	575	2260784	0.0002543
all	550	624	2260784	0.0002760
all	551	580	2260784	0.0002565
all	552	532	2260784	0.0002353
all	553	603	2260784	0.0002667
all	554	621	2260784	0.0002747
all	555	595	2260784	0.0002632
all	556	594	2260784	0.0002627
all	557	572	2260784	0.0002530
all	558	576	2260784	0.0002548
all	559	542	2260784	0.0002397
all	560	561	2260784	0.0002481
all	561	532	2260784	0.0002353
all	562	554	2260784	0.0002450
all	563	520	2260784	0.0002300
all	564	523	2260784	0.0002313
all	565	523	2260784	0.0002313
all	566	538	2260784	0.0002380
all	567	535	2260784	0.0002366
all	568	548	2260784	0.0002424
all	569	514	2260784	0.0002274
all	570	516	2260784	0.0002282
all	571	593	2260784	0.0002623
all	572	531	2260784	0.0002349
all	573	582	2260784	0.0002574
all	574	505	2260784	0.0002234
all	575	550	2260784	0.0002433
all	576	618	2260784	0.0002734
all	577	544	2260784	0.0002406
all	578	555	2260784	0.0002455
all	579	542	2260784	0.0002397
all	580	537	2260784	0.0002375
all	581	532	2260784	0.0002353
all	582	551	2260784	0.0002437
all	583	567	2260784	0.0002508
all	584	567	2260784	0.0002508
all	585	441	2260784	0.0001951
all	586	509	2260784	0.0002251
all	587	530	2260784	0.0002344
all	588	475	2260784	0.0002101
all	589	525	2260784	0.0002322
all	590	489	2260784	0.0002163
all	591	399	2260784	0.0001765
all	592	435	2260784	0.0001924
all	593	513	2260784	0.0002269
all	594	398	2260784	0.0001760
all	595	430	2260784	0.0001902
all	596	428	2260784	0.0001893
all	597	386	2260784	0.0001707
all	598	419	2260784	0.0001853
all	599	503	2260784	0.0002225
all	600	399	2260784	0.0001765
all	601	433	2260784	0.0001915
all	602	411	2260784	0.0001818
all	603	464	2260784	0.0002052
all	604	433	2260784	0.0001915
all	605	446	2260784	0.0001973
all	606	437	2260784	0.0001933
all	607	432	2260784	0.0001911
all	608	403	2260784	0.0001783
all	609	396	2260784	0.0001752
all	610	427	2260784	0.0001889
all	611	438	2260784	0.0001937
all	612	402	2260784	0.0001778
all	613	441	2260784	0.0001951
all	614	413	2260784	0.0001827
all	615	386	2260784	0.0001707
all	616	453	2260784	0.0002004
all	617	400	2260784	0.0001769
all	618	416	2260784	0.0001840
all	619	424	2260784	0.0001875
all	620	428	2260784	0.0001893
all	621	342	2260784	0.0001513
all	622	406	2260784	0.0001796
all	623	406	2260784	0.0001796
all	624	409	2260784	0.0001809
all	625	412	2260784	0.0001822
all	626	392	2260784	0.0001734
all	627	345	2260784	0.0001526
all	628	344	2260784	0.0001522
all	629	345	2260784	0.0001526
all	630	380	2260784	0.0001681
all	631	344	2260784	0.0001522
all	632	368	2260784	0.0001628
all	633	359	2260784	0.0001588
all	634	361	2260784	0.0001597
all	635	346	2260784	0.0001530
all	636	370	2260784	0.0001637
all	637	368	2260784	0.0001628
all	638	403	2260784	0.0001783
all	639	373	2260784	0.0001650
all	640	335	2260784	0.0001482
all	641	313	2260784	0.0001384
all	642	380	2260784	0.0001681
all	643	332	2260784	0.0001469
all	644	366	2260784	0.0001619
all	645	342	2260784	0.0001513
all	646	314	2260784	0.0001389
all	647	304	2260784	0.0001345
all	648	335	2260784	0.0001482
all	649	337	2260784	0.0001491
all	650	323	2260784	0.0001429
all	651	308	2260784	0.0001362
all	652	317	2260784	0.0001402
all	653	273	2260784	0.0001208
all	654	318	2260784	0.0001407
all	655	267	2260784	0.0001181
all	656	306	2260784	0.0001354
all	657	294	2260784	0.0001300
all	658	283	2260784	0.0001252
all	659	242	2260784	0.0001070
all	660	270	2260784	0.0001194
all	661	247	2260784	0.0001093
all	662	323	2260784	0.0001429
all	663	252	2260784	0.0001115
all	664	334	2260784	0.0001477
all	665	326	2260784	0.0001442
all	666	310	2260784	0.0001371
all	667	304	2260784	0.0001345
all	668	263	2260784	0.0001163
all	669	302	2260784	0.0001336
all	670	274	2260784	0.0001212
all	671	294	2260784	0.0001300
all	672	273	2260784	0.0001208
all	673	270	2260784	0.0001194
all	674	294	2260784	0.0001300
all	675	252	2260784	0.0001115
all	676	302	2260784	0.0001336
all	677	224	2260784	0.0000991
all	678	262	2260784	0.0001159
all	679	275	2260784	0.0001216
all	680	264	2260784	0.0001168
all	681	307	2260784	0.0001358
all	682	202	2260784	0.0000893
all	683	236	2260784	0.0001044
all	684	256	2260784	0.0001132
all	685	265	2260784	0.0001172
all	686	263	2260784	0.0001163
all	687	231	2260784	0.0001022
all	688	245	2260784	0.0001084
all	689	198	2260784	0.0000876
all	690	220	2260784	0.0000973
all	691	210	2260784	0.0000929
all	692	242	2260784	0.0001070
all	693	224	2260784	0.0000991
all	694	191	2260784	0.0000845
all	695	263	2260784	0.0001163
all	696	208	2260784	0.0000920
all	697	177	2260784	0.0000783
all	698	224	2260784	0.0000991
all	699	188	2260784	0.0000832
all	700	199	2260784	0.0000880
all	701	201	2260784	0.0000889
all	702	208	2260784	0.0000920
all	703	215	2260784	0.0000951
all	704	195	2260784	0.0000863
all	705	190	2260784	0.0000840
all	706	186	2260784	0.0000823
all	707	181	2260784	0.0000801
all	708	195	2260784	0.0000863
all	709	212	2260784	0.0000938
all	710	185	2260784	0.0000818
all	711	188	2260784	0.0000832
all	712	206	2260784	0.0000911
all	713	176	2260784	0.0000778
all	714	209	2260784	0.0000924
all	715	175	2260784	0.0000774
all	716	198	2260784	0.0000876
all	717	177	2260784	0.0000783
all	718	162	2260784	0.0000717
all	719	171	2260784	0.0000756
all	720	180	2260784	0.0000796
all	721	148	2260784	0.0000655
all	722	164	2260784	0.0000725
all	723	192	2260784	0.0000849
all	724	184	2260784	0.0000814
all	725	136	2260784	0.0000602
all	726	189	2260784	0.0000836
all	727	156	2260784	0.0000690
all	728	141	2260784	0.0000624
all	729	127	2260784	0.0000562
all	730	154	2260784	0.0000681
all	731	141	2260784	0.0000624
all	732	174	2260784	0.0000770
all	733	135	2260784	0.0000597
all	734	134	2260784	0.0000593
all	735	144	2260784	0.0000637
all	736	132	2260784	0.0000584
all	737	149	2260784	0.0000659
all	738	143	2260784	0.0000633
all	739	183	2260784	0.0000809
all	740	132	2260784	0.0000584
all	741	141	2260784	0.0000624
all	742	174	2260784	0.0000770
all	743	146	2260784	0.0000646
all	744	148	2260784	0.0000655
all	745	147	2260784	0.0000650
all	746	142	2260784	0.0000628
all	747	113	2260784	0.0000500
all	748	117	2260784	0.0000518
all	749	131	2260784	0.0000579
all	750	188	2260784	0.0000832
all	751	93	2260784	0.0000411
all	752	122	2260784	0.0000540
all	753	128	2260784	0.0000566
all	754	131	2260784	0.0000579
all	755	119	2260784	0.0000526
all	756	122	2260784	0.0000540
all	757	115	2260784	0.0000509
all	758	135	2260784	0.0000597
all	759	133	2260784	0.0000588
all	760	130	2260784	0.0000575
all	761	131	2260784	0.0000579
all	762	120	2260784	0.0000531
all	763	118	2260784	0.0000522
all	764	126	2260784	0.0000557
all	765	91	2260784	0.0000403
all	766	125	2260784	0.0000553
all	767	92	2260784	0.0000407
all	768	113	2260784	0.0000500
all	769	129	2260784	0.0000571
all	770	98	2260784	0.0000433
all	771	80	2260784	0.0000354
all	772	124	2260784	0.0000548
all	773	146	2260784	0.0000646
all	774	105	2260784	0.0000464
all	775	85	2260784	0.0000376
all	776	96	2260784	0.0000425
all	777	121	2260784	0.0000535
all	778	100	2260784	0.0000442
all	779	120	2260784	0.0000531
all	780	88	2260784	0.0000389
all	781	86	2260784	0.0000380
all	782	112	2260784	0.0000495
all	783	117	2260784	0.0000518
all	784	119	2260784	0.0000526
all	785	99	2260784	0.0000438
all	786	111	2260784	0.0000491
all	787	113	2260784	0.0000500
all	788	105	2260784	0.0000464
all	789	90	2260784	0.0000398
all	790	112	2260784	0.0000495
all	791	92	2260784	0.0000407
all	792	105	2260784	0.0000464
all	793	102	2260784	0.0000451
all	794	88	2260784	0.0000389
all	795	99	2260784	0.0000438
all	796	101	2260784	0.0000447
all	797	87	2260784	0.0000385
all	798	118	2260784	0.0000522
all	799	97	2260784	0.0000429
all	800	95	2260784	0.0000420
all	801	101	2260784	0.0000447
all	802	93	2260784	0.0000411
all	803	121	2260784	0.0000535
all	804	84	2260784	0.0000372
all	805	93	2260784	0.0000411
all	806	76	2260784	0.0000336
all	807	92	2260784	0.0000407
all	808	99	2260784	0.0000438
all	809	91	2260784	0.0000403
all	810	99	2260784	0.0000438
all	811	113	2260784	0.0000500
all	812	97	2260784	0.0000429
all	813	79	2260784	0.0000349
all	814	99	2260784	0.0000438
all	815	76	2260784	0.0000336
all	816	80	2260784	0.0000354
all	817	66	2260784	0.0000292
all	818	92	2260784	0.0000407
all	819	61	2260784	0.0000270
all	820	63	2260784	0.0000279
all	821	94	2260784	0.0000416
all	822	93	2260784	0.0000411
all	823	83	2260784	0.0000367
all	824	67	2260784	0.0000296
all	825	75	2260784	0.0000332
all	826	52	2260784	0.0000230
all	827	83	2260784	0.0000367
all	828	74	2260784	0.0000327
all	829	71	2260784	0.0000314
all	830	65	2260784	0.0000288
all	831	92	2260784	0.0000407
all	832	81	2260784	0.0000358
all	833	77	2260784	0.0000341
all	834	57	2260784	0.0000252
all	835	98	2260784	0.0000433
all	836	62	2260784	0.0000274
all	837	73	2260784	0.0000323
all	838	51	2260784	0.0000226
all	839	84	2260784	0.0000372
all	840	90	2260784	0.0000398
all	841	54	2260784	0.0000239
all	842	61	2260784	0.0000270
all	843	53	2260784	0.0000234
all	844	54	2260784	0.0000239
all	845	55	2260784	0.0000243
all	846	65	2260784	0.0000288
all	847	52	2260784	0.0000230
all	848	58	2260784	0.0000257
all	849	62	2260784	0.0000274
all	850	68	2260784	0.0000301
all	851	75	2260784	0.0000332
all	852	54	2260784	0.0000239
all	853	68	2260784	0.0000301
all	854	48	2260784	0.0000212
all	855	53	2260784	0.0000234
all	856	52	2260784	0.0000230
all	857	55	2260784	0.0000243
all	858	58	2260784	0.0000257
all	859	52	2260784	0.0000230
all	860	54	2260784	0.0000239
all	861	47	2260784	0.0000208
all	862	38	2260784	0.0000168
all	863	53	2260784	0.0000234
all	864	37	2260784	0.0000164
all	865	62	2260784	0.0000274
all	866	57	2260784	0.0000252
all	867	49	2260784	0.0000217
all	868	52	2260784	0.0000230
all	869	60	2260784	0.0000265
all	870	34	2260784	0.0000150
all	871	30	2260784	0.0000133
all	872	65	2260784	0.0000288
all	873	42	2260784	0.0000186
all	874	43	2260784	0.0000190
all	875	33	2260784	0.0000146
all	876	32	2260784	0.0000142
all	877	44	2260784	0.0000195
all	878	45	2260784	0.0000199
all	879	52	2260784	0.0000230
all	880	48	2260784	0.0000212
all	881	42	2260784	0.0000186
all	882	44	2260784	0.0000195
all	883	42	2260784	0.0000186
all	884	37	2260784	0.0000164
all	885	35	2260784	0.0000155
all	886	50	2260784	0.0000221
all	887	29	2260784	0.0000128
all	888	38	2260784	0.0000168
all	889	34	2260784	0.0000150
all	890	37	2260784	0.0000164
all	891	64	2260784	0.0000283
all	892	35	2260784	0.0000155
all	893	41	2260784	0.0000181
all	894	20	2260784	0.0000088
all	895	28	2260784	0.0000124
all	896	43	2260784	0.0000190
all	897	33	2260784	0.0000146
all	898	32	2260784	0.0000142
all	899	16	2260784	0.0000071
all	900	28	2260784	0.0000124
all	901	37	2260784	0.0000164
all	902	28	2260784	0.0000124
all	903	26	2260784	0.0000115
all	904	37	2260784	0.0000164
all	905	34	2260784	0.0000150
all	906	40	2260784	0.0000177
all	907	34	2260784	0.0000150
all	908	40	2260784	0.0000177
all	909	23	2260784	0.0000102
all	910	28	2260784	0.0000124
all	911	19	2260784	0.0000084
all	912	26	2260784	0.0000115
all	913	30	2260784	0.0000133
all	914	38	2260784	0.0000168
all	915	31	2260784	0.0000137
all	916	31	2260784	0.0000137
all	917	22	2260784	0.0000097
all	918	16	2260784	0.0000071
all	919	24	2260784	0.0000106
all	920	21	2260784	0.0000093
all	921	23	2260784	0.0000102
all	922	25	2260784	0.0000111
all	923	12	2260784	0.0000053
all	924	22	2260784	0.0000097
all	925	29	2260784	0.0000128
all	926	33	2260784	0.0000146
all	927	30	2260784	0.0000133
all	928	39	2260784	0.0000173
all	929	31	2260784	0.0000137
all	930	19	2260784	0.0000084
all	931	29	2260784	0.0000128
all	932	14	2260784	0.0000062
all	933	22	2260784	0.0000097
all	934	23	2260784	0.0000102
all	935	15	2260784	0.0000066
all	936	15	2260784	0.0000066
all	937	20	2260784	0.0000088
all	938	28	2260784	0.0000124
all	939	14	2260784	0.0000062
all	940	16	2260784	0.0000071
all	941	12	2260784	0.0000053
all	942	18	2260784	0.0000080
all	943	12	2260784	0.0000053
all	944	21	2260784	0.0000093
all	945	17	2260784	0.0000075
all	946	11	2260784	0.0000049
all	947	14	2260784	0.0000062
all	948	19	2260784	0.0000084
all	949	13	2260784	0.0000058
all	950	15	2260784	0.0000066
all	951	17	2260784	0.0000075
all	952	18	2260784	0.0000080
all	953	34	2260784	0.0000150
all	954	7	2260784	0.0000031
all	955	10	2260784	0.0000044
all	956	11	2260784	0.0000049
all	957	22	2260784	0.0000097
all	958	14	2260784	0.0000062
all	959	22	2260784	0.0000097
all	960	21	2260784	0.0000093
all	961	10	2260784	0.0000044
all	962	18	2260784	0.0000080
all	963	23	2260784	0.0000102
all	964	12	2260784	0.0000053
all	965	11	2260784	0.0000049
all	966	19	2260784	0.0000084
all	967	18	2260784	0.0000080
all	968	24	2260784	0.0000106
all	969	24	2260784	0.0000106
all	970	23	2260784	0.0000102
all	971	20	2260784	0.0000088
all	972	20	2260784	0.0000088
all	973	18	2260784	0.0000080
all	974	13	2260784	0.0000058
all	975	10	2260784	0.0000044
all	976	11	2260784	0.0000049
all	977	13	2260784	0.0000058
all	978	10	2260784	0.0000044
all	979	8	2260784	0.0000035
all	980	8	2260784	0.0000035
all	981	4	2260784	0.0000018
all	982	11	2260784	0.0000049
all	983	14	2260784	0.0000062
all	984	12	2260784	0.0000053
all	985	14	2260784	0.0000062
all	986	14	2260784	0.0000062
all	987	3	2260784	0.0000013
all	988	21	2260784	0.0000093
all	989	11	2260784	0.0000049
all	990	6	2260784	0.0000027
all	991	6	2260784	0.0000027
all	992	19	2260784	0.0000084
all	993	9	2260784	0.0000040
all	994	8	2260784	0.0000035
all	995	7	2260784	0.0000031
all	996	10	2260784	0.0000044
all	997	4	2260784	0.0000018
all	998	9	2260784	0.0000040
all	999	12	2260784	0.0000053
all	1000	8	2260784	0.0000035
all	1001	13	2260784	0.0000058
all	1002	16	2260784	0.0000071
all	1003	4	2260784	0.0000018
all	1004	8	2260784	0.0000035
all	1005	6	2260784	0.0000027
all	1006	12	2260784	0.0000053
all	1007	17	2260784	0.0000075
all	1008	19	2260784	0.0000084
all	1009	12	2260784	0.0000053
all	1010	12	2260784	0.0000053
all	1011	15	2260784	0.0000066
all	1012	8	2260784	0.0000035
all	1013	18	2260784	0.0000080
all	1014	16	2260784	0.0000071
all	1015	8	2260784	0.0000035
all	1016	13	2260784	0.0000058
all	1017	17	2260784	0.0000075
all	1018	11	2260784	0.0000049
all	1019	9	2260784	0.0000040
all	1020	18	2260784	0.0000080
all	1021	12	2260784	0.0000053
all	1022	6	2260784	0.0000027
all	1023	14	2260784	0.0000062
all	1024	11	2260784	0.0000049
all	1025	18	2260784	0.0000080
all	1026	14	2260784	0.0000062
all	1027	9	2260784	0.0000040
all	1028	14	2260784	0.0000062
all	1029	11	2260784	0.0000049
all	1030	11	2260784	0.0000049
all	1031	9	2260784	0.0000040
all	1032	8	2260784	0.0000035
all	1033	3	2260784	0.0000013
all	1034	6	2260784	0.0000027
all	1035	8	2260784	0.0000035
all	1036	5	2260784	0.0000022
all	1037	6	2260784	0.0000027
all	1038	6	2260784	0.0000027
all	1039	8	2260784	0.0000035
all	1040	7	2260784	0.0000031
all	1041	15	2260784	0.0000066
all	1042	3	2260784	0.0000013
all	1043	7	2260784	0.0000031
all	1044	8	2260784	0.0000035
all	1045	14	2260784	0.0000062
all	1046	12	2260784	0.0000053
all	1047	5	2260784	0.0000022
all	1048	7	2260784	0.0000031
all	1049	8	2260784	0.0000035
all	1050	9	2260784	0.0000040
all	1051	9	2260784	0.0000040
all	1052	4	2260784	0.0000018
all	1053	10	2260784	0.0000044
all	1054	13	2260784	0.0000058
all	1055	13	2260784	0.0000058
all	1056	4	2260784	0.0000018
all	1057	9	2260784	0.0000040
all	1058	10	2260784	0.0000044
all	1059	2	2260784	0.0000009
all	1060	3	2260784	0.0000013
all	1061	11	2260784	0.0000049
all	1062	5	2260784	0.0000022
all	1063	4	2260784	0.0000018
all	1064	8	2260784	0.0000035
all	1065	4	2260784	0.0000018
all	1066	14	2260784	0.0000062
all	1067	15	2260784	0.0000066
all	1068	10	2260784	0.0000044
all	1069	7	2260784	0.0000031
all	1070	4	2260784	0.0000018
all	1071	10	2260784	0.0000044
all	1072	10	2260784	0.0000044
all	1073	19	2260784	0.0000084
all	1074	8	2260784	0.0000035
all	1075	6	2260784	0.0000027
all	1076	11	2260784	0.0000049
all	1077	3	2260784	0.0000013
all	1078	2	2260784	0.0000009
all	1079	9	2260784	0.0000040
all	1080	12	2260784	0.0000053
all	1081	4	2260784	0.0000018
all	1082	5	2260784	0.0000022
all	1083	11	2260784	0.0000049
all	1084	10	2260784	0.0000044
all	1085	10	2260784	0.0000044
all	1086	29	2260784	0.0000128
all	1087	9	2260784	0.0000040
all	1088	12	2260784	0.0000053
all	1089	10	2260784	0.0000044
all	1090	5	2260784	0.0000022
all	1091	15	2260784	0.0000066
all	1092	12	2260784	0.0000053
all	1093	8	2260784	0.0000035
all	1094	11	2260784	0.0000049
all	1095	8	2260784	0.0000035
all	1096	14	2260784	0.0000062
all	1097	6	2260784	0.0000027
all	1098	13	2260784	0.0000058
all	1099	11	2260784	0.0000049
all	1100	6	2260784	0.0000027
all	1101	8	2260784	0.0000035
all	1102	8	2260784	0.0000035
all	1103	12	2260784	0.0000053
all	1104	15	2260784	0.0000066
all	1105	4	2260784	0.0000018
all	1106	5	2260784	0.0000022
all	1107	6	2260784	0.0000027
all	1108	8	2260784	0.0000035
all	1109	13	2260784	0.0000058
all	1110	6	2260784	0.0000027
all	1111	7	2260784	0.0000031
all	1112	6	2260784	0.0000027
all	1113	15	2260784	0.0000066
all	1114	7	2260784	0.0000031
all	1115	8	2260784	0.0000035
all	1116	16	2260784	0.0000071
all	1117	1	2260784	0.0000004
all	1118	3	2260784	0.0000013
all	1119	11	2260784	0.0000049
all	1120	8	2260784	0.0000035
all	1121	6	2260784	0.0000027
all	1122	5	2260784	0.0000022
all	1123	10	2260784	0.0000044
all	1124	2	2260784	0.0000009
all	1125	5	2260784	0.0000022
all	1126	4	2260784	0.0000018
all	1127	5	2260784	0.0000022
all	1128	2	2260784	0.0000009
all	1129	6	2260784	0.0000027
all	1130	3	2260784	0.0000013
all	1131	12	2260784	0.0000053
all	1132	9	2260784	0.0000040
all	1133	4	2260784	0.0000018
all	1134	6	2260784	0.0000027
all	1135	11	2260784	0.0000049
all	1137	10	2260784	0.0000044
all	1138	7	2260784	0.0000031
all	1139	8	2260784	0.0000035
all	1140	3	2260784	0.0000013
all	1141	13	2260784	0.0000058
all	1142	7	2260784	0.0000031
all	1143	1	2260784	0.0000004
all	1144	7	2260784	0.0000031
all	1145	8	2260784	0.0000035
all	1146	2	2260784	0.0000009
all	1147	7	2260784	0.0000031
all	1148	9	2260784	0.0000040
all	1149	7	2260784	0.0000031
all	1150	6	2260784	0.0000027
all	1151	7	2260784	0.0000031
all	1152	10	2260784	0.0000044
all	1153	10	2260784	0.0000044
all	1154	5	2260784	0.0000022
all	1155	11	2260784	0.0000049
all	1156	5	2260784	0.0000022
all	1157	4	2260784	0.0000018
all	1158	5	2260784	0.0000022
all	1159	4	2260784	0.0000018
all	1160	2	2260784	0.0000009
all	1161	3	2260784	0.0000013
all	1162	1	2260784	0.0000004
all	1163	7	2260784	0.0000031
all	1164	3	2260784	0.0000013
all	1165	9	2260784	0.0000040
all	1166	3	2260784	0.0000013
all	1167	2	2260784	0.0000009
all	1168	4	2260784	0.0000018
all	1170	3	2260784	0.0000013
all	1171	10	2260784	0.0000044
all	1172	12	2260784	0.0000053
all	1173	12	2260784	0.0000053
all	1174	6	2260784	0.0000027
all	1175	5	2260784	0.0000022
all	1176	5	2260784	0.0000022
all	1178	1	2260784	0.0000004
all	1179	9	2260784	0.0000040
all	1180	10	2260784	0.0000044
all	1181	11	2260784	0.0000049
all	1182	14	2260784	0.0000062
all	1183	8	2260784	0.0000035
all	1184	8	2260784	0.0000035
all	1185	13	2260784	0.0000058
all	1186	7	2260784	0.0000031
all	1187	3	2260784	0.0000013
all	1188	5	2260784	0.0000022
all	1189	6	2260784	0.0000027
all	1190	8	2260784	0.0000035
all	1191	12	2260784	0.0000053
all	1192	12	2260784	0.0000053
all	1193	8	2260784	0.0000035
all	1194	11	2260784	0.0000049
all	1195	4	2260784	0.0000018
all	1196	14	2260784	0.0000062
all	1197	11	2260784	0.0000049
all	1198	4	2260784	0.0000018
all	1199	6	2260784	0.0000027
all	1200	8	2260784	0.0000035
all	1201	7	2260784	0.0000031
all	1202	8	2260784	0.0000035
all	1203	2	2260784	0.0000009
all	1204	9	2260784	0.0000040
all	1205	6	2260784	0.0000027
all	1206	8	2260784	0.0000035
all	1207	8	2260784	0.0000035
all	1208	13	2260784	0.0000058
all	1209	2	2260784	0.0000009
all	1210	11	2260784	0.0000049
all	1211	14	2260784	0.0000062
all	1212	6	2260784	0.0000027
all	1213	2	2260784	0.0000009
all	1214	7	2260784	0.0000031
all	1215	10	2260784	0.0000044
all	1216	14	2260784	0.0000062
all	1217	4	2260784	0.0000018
all	1218	8	2260784	0.0000035
all	1219	14	2260784	0.0000062
all	1220	5	2260784	0.0000022
all	1221	18	2260784	0.0000080
all	1222	8	2260784	0.0000035
all	1223	6	2260784	0.0000027
all	1224	12	2260784	0.0000053
all	1225	7	2260784	0.0000031
all	1226	6	2260784	0.0000027
all	1227	5	2260784	0.0000022
all	1228	6	2260784	0.0000027
all	1229	10	2260784	0.0000044
all	1230	6	2260784	0.0000027
all	1231	6	2260784	0.0000027
all	1232	4	2260784	0.0000018
all	1233	8	2260784	0.0000035
all	1234	1	2260784	0.0000004
all	1235	7	2260784	0.0000031
all	1236	3	2260784	0.0000013
all	1237	6	2260784	0.0000027
all	1238	4	2260784	0.0000018
all	1239	2	2260784	0.0000009
all	1240	4	2260784	0.0000018
all	1241	13	2260784	0.0000058
all	1242	9	2260784	0.0000040
all	1243	8	2260784	0.0000035
all	1244	4	2260784	0.0000018
all	1245	4	2260784	0.0000018
all	1246	4	2260784	0.0000018
all	1247	2	2260784	0.0000009
all	1249	7	2260784	0.0000031
all	1250	6	2260784	0.0000027
all	1252	5	2260784	0.0000022
all	1254	4	2260784	0.0000018
all	1256	1	2260784	0.0000004
all	1257	4	2260784	0.0000018
all	1258	2	2260784	0.0000009
all	1259	1	2260784	0.0000004
all	1260	1	2260784	0.0000004
all	1261	5	2260784	0.0000022
all	1263	3	2260784	0.0000013
all	1264	1	2260784	0.0000004
all	1265	2	2260784	0.0000009
all	1266	1	2260784	0.0000004
all	1267	1	2260784	0.0000004
all	1269	6	2260784	0.0000027
all	1270	3	2260784	0.0000013
all	1271	5	2260784	0.0000022
all	1272	5	2260784	0.0000022
all	1273	1	2260784	0.0000004
all	1274	5	2260784	0.0000022
all	1275	5	2260784	0.0000022
all	1276	2	2260784	0.0000009
all	1279	2	2260784	0.0000009
all	1280	5	2260784	0.0000022
all	1281	5	2260784	0.0000022
all	1282	1	2260784	0.0000004
all	1283	2	2260784	0.0000009
all	1284	2	2260784	0.0000009
all	1286	4	2260784	0.0000018
all	1288	2	2260784	0.0000009
all	1289	6	2260784	0.0000027
all	1290	2	2260784	0.0000009
all	1292	1	2260784	0.0000004
all	1293	2	2260784	0.0000009
all	1294	2	2260784	0.0000009
all	1295	5	2260784	0.0000022
all	1297	3	2260784	0.0000013
all	1298	3	2260784	0.0000013
all	1299	2	2260784	0.0000009
all	1300	3	2260784	0.0000013
all	1301	2	2260784	0.0000009
all	1302	3	2260784	0.0000013
all	1303	5	2260784	0.0000022
all	1304	4	2260784	0.0000018
all	1306	1	2260784	0.0000004
all	1307	2	2260784	0.0000009
all	1308	1	2260784	0.0000004
all	1309	4	2260784	0.0000018
all	1310	1	2260784	0.0000004
all	1311	2	2260784	0.0000009
all	1312	4	2260784	0.0000018
all	1313	7	2260784	0.0000031
all	1315	3	2260784	0.0000013
all	1316	2	2260784	0.0000009
all	1317	1	2260784	0.0000004
all	1320	2	2260784	0.0000009
all	1321	6	2260784	0.0000027
all	1322	1	2260784	0.0000004
all	1324	4	2260784	0.0000018
all	1327	3	2260784	0.0000013
all	1328	4	2260784	0.0000018
all	1330	6	2260784	0.0000027
all	1331	4	2260784	0.0000018
all	1332	4	2260784	0.0000018
all	1333	3	2260784	0.0000013
all	1334	2	2260784	0.0000009
all	1335	2	2260784	0.0000009
all	1336	1	2260784	0.0000004
all	1339	4	2260784	0.0000018
all	1340	2	2260784	0.0000009
all	1344	2	2260784	0.0000009
all	1349	2	2260784	0.0000009
all	1350	6	2260784	0.0000027
all	1351	1	2260784	0.0000004
all	1352	2	2260784	0.0000009
all	1353	6	2260784	0.0000027
all	1356	4	2260784	0.0000018
all	1359	6	2260784	0.0000027
all	1360	2	2260784	0.0000009
all	1362	6	2260784	0.0000027
all	1363	2	2260784	0.0000009
all	1364	4	2260784	0.0000018
all	1365	3	2260784	0.0000013
all	1366	4	2260784	0.0000018
all	1367	2	2260784	0.0000009
all	1368	2	2260784	0.0000009
all	1369	2	2260784	0.0000009
all	1370	2	2260784	0.0000009
all	1371	2	2260784	0.0000009
all	1373	2	2260784	0.0000009
all	1374	3	2260784	0.0000013
all	1375	4	2260784	0.0000018
all	1378	4	2260784	0.0000018
all	1380	2	2260784	0.0000009
all	1381	3	2260784	0.0000013
all	1384	6	2260784	0.0000027
all	1386	2	2260784	0.0000009
all	1387	3	2260784	0.0000013
all	1388	4	2260784	0.0000018
all	1389	8	2260784	0.0000035
all	1391	2	2260784	0.0000009
all	1393	2	2260784	0.0000009
all	1395	6	2260784	0.0000027
all	1397	4	2260784	0.0000018
all	1398	4	2260784	0.0000018
all	1399	2	2260784	0.0000009
all	1400	4	2260784	0.0000018
all	1401	2	2260784	0.0000009
all	1403	4	2260784	0.0000018
all	1405	2	2260784	0.0000009
all	1406	8	2260784	0.0000035
all	1407	4	2260784	0.0000018
all	1408	4	2260784	0.0000018
all	1409	2	2260784	0.0000009
all	1410	4	2260784	0.0000018
all	1411	3	2260784	0.0000013
all	1412	4	2260784	0.0000018
all	1413	8	2260784	0.0000035
all	1414	2	2260784	0.0000009
all	1415	5	2260784	0.0000022
all	1416	3	2260784	0.0000013
all	1423	2	2260784	0.0000009
all	1424	2	2260784	0.0000009
all	1426	2	2260784	0.0000009
all	1429	2	2260784	0.0000009
all	1430	7	2260784	0.0000031
all	1432	2	2260784	0.0000009
all	1433	2	2260784	0.0000009
all	1434	2	2260784	0.0000009
all	1436	1	2260784	0.0000004
all	1437	2	2260784	0.0000009
all	1438	3	2260784	0.0000013
all	1439	3	2260784	0.0000013
all	1440	2	2260784	0.0000009
all	1442	2	2260784	0.0000009
all	1446	4	2260784	0.0000018
all	1447	1	2260784	0.0000004
all	1448	2	2260784	0.0000009
all	1449	2	2260784	0.0000009
all	1453	2	2260784	0.0000009
all	1454	4	2260784	0.0000018
all	1456	5	2260784	0.0000022
all	1460	1	2260784	0.0000004
all	1467	2	2260784	0.0000009
all	1468	2	2260784	0.0000009
all	1475	1	2260784	0.0000004
all	1476	8	2260784	0.0000035
all	1477	5	2260784	0.0000022
all	1478	2	2260784	0.0000009
all	1479	4	2260784	0.0000018
all	1483	3	2260784	0.0000013
all	1484	4	2260784	0.0000018
all	1485	1	2260784	0.0000004
all	1488	2	2260784	0.0000009
all	1489	4	2260784	0.0000018
all	1490	6	2260784	0.0000027
all	1495	2	2260784	0.0000009
all	1496	1	2260784	0.0000004
all	1498	2	2260784	0.0000009
all	1501	2	2260784	0.0000009
all	1502	4	2260784	0.0000018
all	1503	2	2260784	0.0000009
all	1504	6	2260784	0.0000027
all	1505	4	2260784	0.0000018
all	1507	3	2260784	0.0000013
all	1508	2	2260784	0.0000009
all	1509	5	2260784	0.0000022
all	1511	4	2260784	0.0000018
all	1512	4	2260784	0.0000018
all	1514	2	2260784	0.0000009
all	1515	2	2260784	0.0000009
all	1516	2	2260784	0.0000009
all	1517	2	2260784	0.0000009
all	1518	1	2260784	0.0000004
all	1520	3	2260784	0.0000013
all	1521	4	2260784	0.0000018
all	1522	3	2260784	0.0000013
all	1523	2	2260784	0.0000009
all	1524	1	2260784	0.0000004
all	1525	2	2260784	0.0000009
all	1527	1	2260784	0.0000004
all	1528	3	2260784	0.0000013
all	1530	1	2260784	0.0000004
all	1531	2	2260784	0.0000009
all	1532	4	2260784	0.0000018
all	1533	2	2260784	0.0000009
all	1535	2	2260784	0.0000009
all	1536	4	2260784	0.0000018
all	1537	2	2260784	0.0000009
all	1538	4	2260784	0.0000018
all	1539	2	2260784	0.0000009
all	1540	2	2260784	0.0000009
all	1542	4	2260784	0.0000018
all	1543	6	2260784	0.0000027
all	1545	2	2260784	0.0000009
all	1546	2	2260784	0.0000009
all	1547	4	2260784	0.0000018
all	1548	4	2260784	0.0000018
all	1549	4	2260784	0.0000018
all	1551	1	2260784	0.0000004
all	1552	4	2260784	0.0000018
all	1553	4	2260784	0.0000018
all	1554	2	2260784	0.0000009
all	1555	4	2260784	0.0000018
all	1556	6	2260784	0.0000027
all	1557	4	2260784	0.0000018
all	1560	4	2260784	0.0000018
all	1561	2	2260784	0.0000009
all	1562	2	2260784	0.0000009
all	1563	1	2260784	0.0000004
all	1566	3	2260784	0.0000013
all	1567	2	2260784	0.0000009
all	1568	1	2260784	0.0000004
all	1569	2	2260784	0.0000009
all	1570	2	2260784	0.0000009
all	1571	3	2260784	0.0000013
all	1573	1	2260784	0.0000004
all	1576	3	2260784	0.0000013
all	1577	4	2260784	0.0000018
all	1578	1	2260784	0.0000004
all	1580	2	2260784	0.0000009
all	1581	4	2260784	0.0000018
all	1582	4	2260784	0.0000018
all	1583	3	2260784	0.0000013
all	1585	5	2260784	0.0000022
all	1588	4	2260784	0.0000018
all	1591	2	2260784	0.0000009
all	1594	1	2260784	0.0000004
all	1596	1	2260784	0.0000004
all	1597	2	2260784	0.0000009
all	1599	3	2260784	0.0000013
all	1600	3	2260784	0.0000013
all	1602	2	2260784	0.0000009
all	1610	1	2260784	0.0000004
all	1613	4	2260784	0.0000018
all	1614	2	2260784	0.0000009
all	1616	3	2260784	0.0000013
all	1618	1	2260784	0.0000004
all	1620	4	2260784	0.0000018
all	1621	1	2260784	0.0000004
all	1622	2	2260784	0.0000009
all	1623	3	2260784	0.0000013
all	1624	3	2260784	0.0000013
all	1625	3	2260784	0.0000013
all	1626	1	2260784	0.0000004
all	1627	2	2260784	0.0000009
all	1628	1	2260784	0.0000004
all	1630	2	2260784	0.0000009
all	1631	2	2260784	0.0000009
all	1632	1	2260784	0.0000004
all	1634	1	2260784	0.0000004
all	1635	4	2260784	0.0000018
all	1637	2	2260784	0.0000009
all	1638	2	2260784	0.0000009
all	1642	1	2260784	0.0000004
all	1650	3	2260784	0.0000013
all	1654	2	2260784	0.0000009
all	1656	2	2260784	0.0000009
all	1657	2	2260784	0.0000009
all	1658	2	2260784	0.0000009
all	1659	2	2260784	0.0000009
all	1660	6	2260784	0.0000027
all	1661	3	2260784	0.0000013
all	1662	3	2260784	0.0000013
all	1664	2	2260784	0.0000009
all	1666	2	2260784	0.0000009
all	1670	2	2260784	0.0000009
all	1671	1	2260784	0.0000004
all	1672	2	2260784	0.0000009
all	1673	1	2260784	0.0000004
all	1674	4	2260784	0.0000018
all	1676	1	2260784	0.0000004
all	1688	1	2260784	0.0000004
all	1689	1	2260784	0.0000004
all	1690	2	2260784	0.0000009
all	1691	1	2260784	0.0000004
all	1694	2	2260784	0.0000009
all	1695	2	2260784	0.0000009
all	1696	1	2260784	0.0000004
all	1697	1	2260784	0.0000004
all	1698	2	2260784	0.0000009
all	1699	1	2260784	0.0000004
all	1701	4	2260784	0.0000018
all	1702	2	2260784	0.0000009
all	1703	4	2260784	0.0000018
all	1706	2	2260784	0.0000009
all	1708	2	2260784	0.0000009
all	1711	2	2260784	0.0000009
all	1715	3	2260784	0.0000013
all	1717	3	2260784	0.0000013
all	1718	1	2260784	0.0000004
all	1722	2	2260784	0.0000009
all	1725	2	2260784	0.0000009
all	1732	1	2260784	0.0000004
all	1733	1	2260784	0.0000004
all	1736	1	2260784	0.0000004
all	1737	3	2260784	0.0000013
all	1738	1	2260784	0.0000004
all	1739	1	2260784	0.0000004
all	1742	1	2260784	0.0000004
all	1746	1	2260784	0.0000004
all	1748	1	2260784	0.0000004
all	1749	2	2260784	0.0000009
all	1750	1	2260784	0.0000004
all	1756	1	2260784	0.0000004
all	1757	1	2260784	0.0000004
all	1760	1	2260784	0.0000004
all	1762	1	2260784	0.0000004
all	1765	2	2260784	0.0000009
all	1766	1	2260784	0.0000004
all	1767	2	2260784	0.0000009
all	1768	3	2260784	0.0000013
all	1771	2	2260784	0.0000009
all	1776	2	2260784	0.0000009
all	1781	1	2260784	0.0000004
all	1785	1	2260784	0.0000004
all	1792	2	2260784	0.0000009
all	1793	1	2260784	0.0000004
all	1794	1	2260784	0.0000004
all	1797	2	2260784	0.0000009
all	1798	3	2260784	0.0000013
all	1799	2	2260784	0.0000009
all	1801	1	2260784	0.0000004
all	1805	1	2260784	0.0000004
all	1809	1	2260784	0.0000004
all	1812	1	2260784	0.0000004
all	1813	1	2260784	0.0000004
all	1815	2	2260784	0.0000009
all	1821	3	2260784	0.0000013
all	1822	2	2260784	0.0000009
all	1824	1	2260784	0.0000004
all	1825	4	2260784	0.0000018
all	1829	1	2260784	0.0000004
all	1835	1	2260784	0.0000004
all	1839	1	2260784	0.0000004
all	1843	2	2260784	0.0000009
all	1845	1	2260784	0.0000004
all	1847	1	2260784	0.0000004
all	1851	2	2260784	0.0000009
all	1852	2	2260784	0.0000009
all	1854	1	2260784	0.0000004
all	1855	1	2260784	0.0000004
all	1856	1	2260784	0.0000004
all	1859	1	2260784	0.0000004
all	1862	2	2260784	0.0000009
all	1868	2	2260784	0.0000009
all	1872	4	2260784	0.0000018
all	1876	1	2260784	0.0000004
all	1879	1	2260784	0.0000004
all	1885	2	2260784	0.0000009
all	1887	1	2260784	0.0000004
all	1890	3	2260784	0.0000013
all	1891	1	2260784	0.0000004
all	1895	2	2260784	0.0000009
all	1896	3	2260784	0.0000013
all	1906	1	2260784	0.0000004
all	1907	1	2260784	0.0000004
all	1908	1	2260784	0.0000004
all	1912	1	2260784	0.0000004
all	1914	2	2260784	0.0000009
all	1915	2	2260784	0.0000009
all	1916	1	2260784	0.0000004
all	1917	1	2260784	0.0000004
all	1920	1	2260784	0.0000004
all	1922	1	2260784	0.0000004
all	1923	2	2260784	0.0000009
all	1924	1	2260784	0.0000004
all	1926	1	2260784	0.0000004
all	1927	3	2260784	0.0000013
all	1929	1	2260784	0.0000004
all	1930	1	2260784	0.0000004
all	1937	1	2260784	0.0000004
all	1939	1	2260784	0.0000004
all	1941	2	2260784	0.0000009
all	1942	1	2260784	0.0000004
all	1943	4	2260784	0.0000018
all	1944	1	2260784	0.0000004
all	1945	1	2260784	0.0000004
all	1946	1	2260784	0.0000004
all	1947	1	2260784	0.0000004
all	1948	2	2260784	0.0000009
all	1949	1	2260784	0.0000004
all	1950	2	2260784	0.0000009
all	1954	3	2260784	0.0000013
all	1955	1	2260784	0.0000004
all	1960	1	2260784	0.0000004
all	1961	2	2260784	0.0000009
all	1962	1	2260784	0.0000004
all	1964	5	2260784	0.0000022
all	1965	1	2260784	0.0000004
all	1967	1	2260784	0.0000004
all	1971	2	2260784	0.0000009
all	1973	1	2260784	0.0000004
all	1975	2	2260784	0.0000009
all	1979	1	2260784	0.0000004
all	1984	2	2260784	0.0000009
all	1988	1	2260784	0.0000004
all	1990	1	2260784	0.0000004
all	1992	2	2260784	0.0000009
all	1995	1	2260784	0.0000004
all	2003	2	2260784	0.0000009
all	2004	1	2260784	0.0000004
all	2010	2	2260784	0.0000009
all	2012	2	2260784	0.0000009
all	2015	1	2260784	0.0000004
all	2016	1	2260784	0.0000004
all	2019	1	2260784	0.0000004
all	2027	1	2260784	0.0000004
all	2028	1	2260784	0.0000004
all	2034	1	2260784	0.0000004
all	2038	3	2260784	0.0000013
all	2040	2	2260784	0.0000009
all	2042	1	2260784	0.0000004
all	2045	1	2260784	0.0000004
all	2058	1	2260784	0.0000004
all	2063	1	2260784	0.0000004
all	2064	1	2260784	0.0000004
all	2065	2	2260784	0.0000009
all	2066	1	2260784	0.0000004
all	2067	2	2260784	0.0000009
all	2080	2	2260784	0.0000009
all	2082	2	2260784	0.0000009
all	2083	1	2260784	0.0000004
all	2090	1	2260784	0.0000004
all	2095	1	2260784	0.0000004
all	2098	3	2260784	0.0000013
all	2102	2	2260784	0.0000009
all	2103	3	2260784	0.0000013
all	2104	1	2260784	0.0000004
all	2114	1	2260784	0.0000004
all	2115	1	2260784	0.0000004
all	2125	2	2260784	0.0000009
all	2126	1	2260784	0.0000004
all	2130	1	2260784	0.0000004
all	2133	2	2260784	0.0000009
all	2136	2	2260784	0.0000009
all	2140	1	2260784	0.0000004
all	2141	2	2260784	0.0000009
all	2143	1	2260784	0.0000004
all	2154	2	2260784	0.0000009
all	2156	1	2260784	0.0000004
all	2163	1	2260784	0.0000004
all	2164	2	2260784	0.0000009
all	2167	1	2260784	0.0000004
all	2171	2	2260784	0.0000009
all	2173	2	2260784	0.0000009
all	2181	1	2260784	0.0000004
all	2188	1	2260784	0.0000004
all	2196	1	2260784	0.0000004
all	2200	1	2260784	0.0000004
all	2201	1	2260784	0.0000004
all	2204	1	2260784	0.0000004
all	2208	1	2260784	0.0000004
all	2213	1	2260784	0.0000004
all	2216	1	2260784	0.0000004
all	2220	1	2260784	0.0000004
all	2222	2	2260784	0.0000009
all	2229	1	2260784	0.0000004
all	2235	1	2260784	0.0000004
all	2237	1	2260784	0.0000004
all	2250	1	2260784	0.0000004
all	2251	1	2260784	0.0000004
all	2254	1	2260784	0.0000004
all	2264	3	2260784	0.0000013
all	2267	1	2260784	0.0000004
all	2275	2	2260784	0.0000009
all	2279	1	2260784	0.0000004
all	2281	1	2260784	0.0000004
all	2283	1	2260784	0.0000004
all	2291	3	2260784	0.0000013
all	2292	1	2260784	0.0000004
all	2293	1	2260784	0.0000004
all	2295	1	2260784	0.0000004
all	2296	1	2260784	0.0000004
all	2298	2	2260784	0.0000009
all	2304	1	2260784	0.0000004
all	2307	1	2260784	0.0000004
all	2309	1	2260784	0.0000004
all	2310	1	2260784	0.0000004
all	2314	1	2260784	0.0000004
all	2317	1	2260784	0.0000004
all	2318	1	2260784	0.0000004
all	2320	1	2260784	0.0000004
all	2322	1	2260784	0.0000004
all	2324	3	2260784	0.0000013
all	2329	1	2260784	0.0000004
all	2331	1	2260784	0.0000004
all	2333	1	2260784	0.0000004
all	2335	1	2260784	0.0000004
all	2339	1	2260784	0.0000004
all	2340	2	2260784	0.0000009
all	2345	2	2260784	0.0000009
all	2350	1	2260784	0.0000004
all	2352	2	2260784	0.0000009
all	2353	1	2260784	0.0000004
all	2361	1	2260784	0.0000004
all	2363	1	2260784	0.0000004
all	2366	1	2260784	0.0000004
all	2368	2	2260784	0.0000009
all	2371	1	2260784	0.0000004
all	2375	1	2260784	0.0000004
all	2377	1	2260784	0.0000004
all	2379	1	2260784	0.0000004
all	2381	1	2260784	0.0000004
all	2382	2	2260784	0.0000009
all	2387	1	2260784	0.0000004
all	2392	1	2260784	0.0000004
all	2394	3	2260784	0.0000013
all	2404	1	2260784	0.0000004
all	2405	2	2260784	0.0000009
all	2407	3	2260784	0.0000013
all	2409	1	2260784	0.0000004
all	2411	2	2260784	0.0000009
all	2412	1	2260784	0.0000004
all	2414	2	2260784	0.0000009
all	2415	2	2260784	0.0000009
all	2417	1	2260784	0.0000004
all	2432	1	2260784	0.0000004
all	2434	1	2260784	0.0000004
all	2436	2	2260784	0.0000009
all	2437	1	2260784	0.0000004
all	2441	2	2260784	0.0000009
all	2442	1	2260784	0.0000004
all	2451	1	2260784	0.0000004
all	2453	1	2260784	0.0000004
all	2455	1	2260784	0.0000004
all	2456	3	2260784	0.0000013
all	2463	1	2260784	0.0000004
all	2464	1	2260784	0.0000004
all	2465	2	2260784	0.0000009
all	2469	3	2260784	0.0000013
all	2473	1	2260784	0.0000004
all	2478	2	2260784	0.0000009
all	2483	3	2260784	0.0000013
all	2484	1	2260784	0.0000004
all	2486	1	2260784	0.0000004
all	2490	2	2260784	0.0000009
all	2491	1	2260784	0.0000004
all	2493	1	2260784	0.0000004
all	2499	1	2260784	0.0000004
all	2501	1	2260784	0.0000004
all	2502	2	2260784	0.0000009
all	2506	1	2260784	0.0000004
all	2511	2	2260784	0.0000009
all	2514	1	2260784	0.0000004
all	2515	1	2260784	0.0000004
all	2516	1	2260784	0.0000004
all	2517	3	2260784	0.0000013
all	2521	1	2260784	0.0000004
all	2534	1	2260784	0.0000004
all	2536	2	2260784	0.0000009
all	2538	2	2260784	0.0000009
all	2542	1	2260784	0.0000004
all	2544	2	2260784	0.0000009
all	2550	1	2260784	0.0000004
all	2551	1	2260784	0.0000004
all	2555	1	2260784	0.0000004
all	2556	2	2260784	0.0000009
all	2567	1	2260784	0.0000004
all	2569	1	2260784	0.0000004
all	2572	1	2260784	0.0000004
all	2576	1	2260784	0.0000004
all	2577	1	2260784	0.0000004
all	2580	2	2260784	0.0000009
all	2589	1	2260784	0.0000004
all	2595	1	2260784	0.0000004
all	2597	1	2260784	0.0000004
all	2598	1	2260784	0.0000004
all	2600	2	2260784	0.0000009
all	2601	1	2260784	0.0000004
all	2602	2	2260784	0.0000009
all	2603	1	2260784	0.0000004
all	2605	1	2260784	0.0000004
all	2606	1	2260784	0.0000004
all	2610	2	2260784	0.0000009
all	2612	1	2260784	0.0000004
all	2619	2	2260784	0.0000009
all	2623	3	2260784	0.0000013
all	2624	1	2260784	0.0000004
all	2627	2	2260784	0.0000009
all	2633	2	2260784	0.0000009
all	2634	2	2260784	0.0000009
all	2637	8	2260784	0.0000035
all	2639	1	2260784	0.0000004
all	2645	2	2260784	0.0000009
all	2647	2	2260784	0.0000009
all	2651	2	2260784	0.0000009
all	2654	3	2260784	0.0000013
all	2657	3	2260784	0.0000013
all	2660	3	2260784	0.0000013
all	2661	1	2260784	0.0000004
all	2666	2	2260784	0.0000009
all	2669	1	2260784	0.0000004
all	2671	3	2260784	0.0000013
all	2672	4	2260784	0.0000018
all	2674	3	2260784	0.0000013
all	2675	1	2260784	0.0000004
all	2676	1	2260784	0.0000004
all	2682	3	2260784	0.0000013
all	2686	1	2260784	0.0000004
all	2687	1	2260784	0.0000004
all	2692	2	2260784	0.0000009
all	2698	3	2260784	0.0000013
all	2699	2	2260784	0.0000009
all	2701	2	2260784	0.0000009
all	2702	1	2260784	0.0000004
all	2703	2	2260784	0.0000009
all	2705	1	2260784	0.0000004
all	2708	2	2260784	0.0000009
all	2710	4	2260784	0.0000018
all	2712	1	2260784	0.0000004
all	2713	1	2260784	0.0000004
all	2715	2	2260784	0.0000009
all	2716	2	2260784	0.0000009
all	2717	1	2260784	0.0000004
all	2719	1	2260784	0.0000004
all	2726	2	2260784	0.0000009
all	2727	1	2260784	0.0000004
all	2729	3	2260784	0.0000013
all	2739	1	2260784	0.0000004
all	2740	1	2260784	0.0000004
all	2744	1	2260784	0.0000004
all	2745	1	2260784	0.0000004
all	2747	2	2260784	0.0000009
all	2750	2	2260784	0.0000009
all	2751	1	2260784	0.0000004
all	2752	2	2260784	0.0000009
all	2753	2	2260784	0.0000009
all	2754	2	2260784	0.0000009
all	2755	1	2260784	0.0000004
all	2756	1	2260784	0.0000004
all	2759	2	2260784	0.0000009
all	2768	1	2260784	0.0000004
all	2769	4	2260784	0.0000018
all	2770	3	2260784	0.0000013
all	2774	1	2260784	0.0000004
all	2775	1	2260784	0.0000004
all	2776	2	2260784	0.0000009
all	2778	2	2260784	0.0000009
all	2780	1	2260784	0.0000004
all	2782	4	2260784	0.0000018
all	2785	4	2260784	0.0000018
all	2787	6	2260784	0.0000027
all	2790	2	2260784	0.0000009
all	2791	1	2260784	0.0000004
all	2792	2	2260784	0.0000009
all	2793	2	2260784	0.0000009
all	2798	2	2260784	0.0000009
all	2800	3	2260784	0.0000013
all	2804	4	2260784	0.0000018
all	2805	2	2260784	0.0000009
all	2808	2	2260784	0.0000009
all	2811	1	2260784	0.0000004
all	2816	4	2260784	0.0000018
all	2817	3	2260784	0.0000013
all	2819	6	2260784	0.0000027
all	2820	1	2260784	0.0000004
all	2825	2	2260784	0.0000009
all	2826	2	2260784	0.0000009
all	2830	1	2260784	0.0000004
all	2832	3	2260784	0.0000013
all	2834	2	2260784	0.0000009
all	2835	1	2260784	0.0000004
all	2836	3	2260784	0.0000013
all	2837	1	2260784	0.0000004
all	2838	1	2260784	0.0000004
all	2839	2	2260784	0.0000009
all	2840	2	2260784	0.0000009
all	2843	2	2260784	0.0000009
all	2844	2	2260784	0.0000009
all	2846	1	2260784	0.0000004
all	2849	1	2260784	0.0000004
all	2851	1	2260784	0.0000004
all	2852	1	2260784	0.0000004
all	2853	2	2260784	0.0000009
all	2854	1	2260784	0.0000004
all	2857	1	2260784	0.0000004
all	2864	1	2260784	0.0000004
all	2865	3	2260784	0.0000013
all	2871	2	2260784	0.0000009
all	2872	1	2260784	0.0000004
all	2874	2	2260784	0.0000009
all	2879	2	2260784	0.0000009
all	2885	2	2260784	0.0000009
all	2886	1	2260784	0.0000004
all	2888	2	2260784	0.0000009
all	2890	2	2260784	0.0000009
all	2891	2	2260784	0.0000009
all	2893	2	2260784	0.0000009
all	2894	1	2260784	0.0000004
all	2897	2	2260784	0.0000009
all	2898	2	2260784	0.0000009
all	2911	2	2260784	0.0000009
all	2912	2	2260784	0.0000009
all	2917	8	2260784	0.0000035
all	2922	1	2260784	0.0000004
all	2929	2	2260784	0.0000009
all	2935	4	2260784	0.0000018
all	2936	1	2260784	0.0000004
all	2937	2	2260784	0.0000009
all	2938	1	2260784	0.0000004
all	2939	1	2260784	0.0000004
all	2943	2	2260784	0.0000009
all	2944	1	2260784	0.0000004
all	2956	1	2260784	0.0000004
all	2962	2	2260784	0.0000009
all	2967	1	2260784	0.0000004
all	2970	2	2260784	0.0000009
all	2973	1	2260784	0.0000004
all	2974	2	2260784	0.0000009
all	2976	4	2260784	0.0000018
all	2979	2	2260784	0.0000009
all	2983	2	2260784	0.0000009
all	2986	1	2260784	0.0000004
all	2988	2	2260784	0.0000009
all	2991	1	2260784	0.0000004
all	2992	2	2260784	0.0000009
all	2994	3	2260784	0.0000013
all	2996	2	2260784	0.0000009
all	2999	2	2260784	0.0000009
all	3000	4	2260784	0.0000018
all	3001	2	2260784	0.0000009
all	3004	1	2260784	0.0000004
all	3005	2	2260784	0.0000009
all	3006	6	2260784	0.0000027
all	3008	4	2260784	0.0000018
all	3009	2	2260784	0.0000009
all	3010	2	2260784	0.0000009
all	3011	2	2260784	0.0000009
all	3012	2	2260784	0.0000009
all	3015	2	2260784	0.0000009
all	3018	4	2260784	0.0000018
all	3020	1	2260784	0.0000004
all	3021	2	2260784	0.0000009
all	3022	2	2260784	0.0000009
all	3024	2	2260784	0.0000009
all	3027	2	2260784	0.0000009
all	3029	2	2260784	0.0000009
all	3031	2	2260784	0.0000009
all	3032	2	2260784	0.0000009
all	3034	4	2260784	0.0000018
all	3035	2	2260784	0.0000009
all	3036	6	2260784	0.0000027
all	3039	2	2260784	0.0000009
all	3043	4	2260784	0.0000018
all	3044	3	2260784	0.0000013
all	3045	2	2260784	0.0000009
all	3047	2	2260784	0.0000009
all	3049	2	2260784	0.0000009
all	3050	2	2260784	0.0000009
all	3053	4	2260784	0.0000018
all	3054	4	2260784	0.0000018
all	3057	4	2260784	0.0000018
all	3062	2	2260784	0.0000009
all	3065	2	2260784	0.0000009
all	3069	4	2260784	0.0000018
all	3070	2	2260784	0.0000009
all	3071	4	2260784	0.0000018
all	3072	2	2260784	0.0000009
all	3073	2	2260784	0.0000009
all	3076	4	2260784	0.0000018
all	3078	4	2260784	0.0000018
all	3079	2	2260784	0.0000009
all	3083	2	2260784	0.0000009
all	3084	2	2260784	0.0000009
all	3086	2	2260784	0.0000009
all	3088	2	2260784	0.0000009
all	3093	2	2260784	0.0000009
all	3097	2	2260784	0.0000009
all	3100	2	2260784	0.0000009
all	3102	4	2260784	0.0000018
all	3106	2	2260784	0.0000009
all	3108	4	2260784	0.0000018
all	3109	4	2260784	0.0000018
all	3110	2	2260784	0.0000009
all	3111	4	2260784	0.0000018
all	3114	2	2260784	0.0000009
all	3117	4	2260784	0.0000018
all	3118	4	2260784	0.0000018
all	3119	4	2260784	0.0000018
all	3122	2	2260784	0.0000009
all	3123	2	2260784	0.0000009
all	3124	2	2260784	0.0000009
all	3125	2	2260784	0.0000009
all	3126	2	2260784	0.0000009
all	3128	2	2260784	0.0000009
all	3130	2	2260784	0.0000009
all	3132	2	2260784	0.0000009
all	3137	2	2260784	0.0000009
all	3138	4	2260784	0.0000018
all	3140	2	2260784	0.0000009
all	3141	2	2260784	0.0000009
all	3142	2	2260784	0.0000009
all	3145	2	2260784	0.0000009
all	3146	4	2260784	0.0000018
all	3147	2	2260784	0.0000009
all	3148	4	2260784	0.0000018
all	3150	2	2260784	0.0000009
all	3151	2	2260784	0.0000009
all	3152	2	2260784	0.0000009
all	3154	2	2260784	0.0000009
all	3155	2	2260784	0.0000009
all	3156	2	2260784	0.0000009
all	3157	2	2260784	0.0000009
all	3159	4	2260784	0.0000018
all	3160	4	2260784	0.0000018
all	3161	4	2260784	0.0000018
all	3166	2	2260784	0.0000009
all	3167	2	2260784	0.0000009
all	3170	6	2260784	0.0000027
all	3174	2	2260784	0.0000009
all	3175	2	2260784	0.0000009
all	3178	2	2260784	0.0000009
all	3179	4	2260784	0.0000018
all	3180	6	2260784	0.0000027
all	3181	2	2260784	0.0000009
all	3182	2	2260784	0.0000009
all	3184	2	2260784	0.0000009
all	3195	2	2260784	0.0000009
all	3197	2	2260784	0.0000009
all	3199	2	2260784	0.0000009
all	3200	2	2260784	0.0000009
all	3202	2	2260784	0.0000009
all	3203	2	2260784	0.0000009
all	3204	4	2260784	0.0000018
all	3205	2	2260784	0.0000009
all	3206	2	2260784	0.0000009
all	3207	4	2260784	0.0000018
all	3210	2	2260784	0.0000009
all	3211	2	2260784	0.0000009
all	3212	2	2260784	0.0000009
all	3213	4	2260784	0.0000018
all	3214	2	2260784	0.0000009
all	3215	4	2260784	0.0000018
all	3216	2	2260784	0.0000009
all	3219	4	2260784	0.0000018
all	3222	6	2260784	0.0000027
all	3223	2	2260784	0.0000009
all	3226	2	2260784	0.0000009
all	3227	2	2260784	0.0000009
all	3232	2	2260784	0.0000009
all	3234	4	2260784	0.0000018
all	3237	2	2260784	0.0000009
all	3238	2	2260784	0.0000009
all	3242	2	2260784	0.0000009
all	3243	2	2260784	0.0000009
all	3251	2	2260784	0.0000009
all	3253	4	2260784	0.0000018
all	3254	1	2260784	0.0000004
all	3255	4	2260784	0.0000018
all	3257	4	2260784	0.0000018
all	3259	2	2260784	0.0000009
all	3262	2	2260784	0.0000009
all	3266	2	2260784	0.0000009
all	3269	4	2260784	0.0000018
all	3275	2	2260784	0.0000009
all	3282	1	2260784	0.0000004
all	3283	2	2260784	0.0000009
all	3284	2	2260784	0.0000009
all	3293	2	2260784	0.0000009
all	3296	2	2260784	0.0000009
all	3304	1	2260784	0.0000004
all	3308	2	2260784	0.0000009
all	3325	2	2260784	0.0000009
all	3335	2	2260784	0.0000009
all	3350	2	2260784	0.0000009
all	3354	2	2260784	0.0000009
all	3364	2	2260784	0.0000009
all	3366	2	2260784	0.0000009
all	3368	2	2260784	0.0000009
all	3375	2	2260784	0.0000009
all	3377	2	2260784	0.0000009
all	3378	2	2260784	0.0000009
all	3387	4	2260784	0.0000018
all	3388	2	2260784	0.0000009
all	3391	1	2260784	0.0000004
all	3392	4	2260784	0.0000018
all	3394	4	2260784	0.0000018
all	3396	2	2260784	0.0000009
all	3399	3	2260784	0.0000013
all	3402	4	2260784	0.0000018
all	3408	1	2260784	0.0000004
all	3412	3	2260784	0.0000013
all	3416	2	2260784	0.0000009
all	3419	2	2260784	0.0000009
all	3420	4	2260784	0.0000018
all	3422	2	2260784	0.0000009
all	3426	2	2260784	0.0000009
all	3430	2	2260784	0.0000009
all	3439	1	2260784	0.0000004
all	3445	2	2260784	0.0000009
all	3452	2	2260784	0.0000009
all	3459	1	2260784	0.0000004
all	3461	4	2260784	0.0000018
all	3468	2	2260784	0.0000009
all	3483	3	2260784	0.0000013
all	3486	2	2260784	0.0000009
all	3487	2	2260784	0.0000009
all	3494	2	2260784	0.0000009
all	3496	2	2260784	0.0000009
all	3503	2	2260784	0.0000009
all	3505	2	2260784	0.0000009
all	3507	2	2260784	0.0000009
all	3510	2	2260784	0.0000009
all	3511	3	2260784	0.0000013
all	3513	2	2260784	0.0000009
all	3516	2	2260784	0.0000009
all	3517	2	2260784	0.0000009
all	3518	2	2260784	0.0000009
all	3520	2	2260784	0.0000009
all	3522	4	2260784	0.0000018
all	3525	2	2260784	0.0000009
all	3526	2	2260784	0.0000009
all	3531	2	2260784	0.0000009
all	3536	2	2260784	0.0000009
all	3541	2	2260784	0.0000009
all	3545	2	2260784	0.0000009
all	3552	2	2260784	0.0000009
all	3567	2	2260784	0.0000009
all	3574	2	2260784	0.0000009
all	3580	2	2260784	0.0000009
all	3581	4	2260784	0.0000018
all	3584	2	2260784	0.0000009
all	3588	2	2260784	0.0000009
all	3590	2	2260784	0.0000009
all	3601	2	2260784	0.0000009
all	3602	2	2260784	0.0000009
all	3603	2	2260784	0.0000009
all	3605	2	2260784	0.0000009
all	3621	2	2260784	0.0000009
all	3633	2	2260784	0.0000009
all	3636	2	2260784	0.0000009
all	3652	2	2260784	0.0000009
all	3667	2	2260784	0.0000009
all	3680	2	2260784	0.0000009
all	3687	2	2260784	0.0000009
all	3690	2	2260784	0.0000009
all	3695	2	2260784	0.0000009
all	3697	3	2260784	0.0000013
all	3699	2	2260784	0.0000009
all	3706	1	2260784	0.0000004
all	3709	2	2260784	0.0000009
all	3714	2	2260784	0.0000009
all	3718	2	2260784	0.0000009
all	3730	2	2260784	0.0000009
all	3731	2	2260784	0.0000009
all	3733	2	2260784	0.0000009
all	3738	3	2260784	0.0000013
all	3740	1	2260784	0.0000004
all	3741	4	2260784	0.0000018
all	3744	2	2260784	0.0000009
all	3745	1	2260784	0.0000004
all	3751	2	2260784	0.0000009
all	3752	2	2260784	0.0000009
all	3753	2	2260784	0.0000009
all	3754	4	2260784	0.0000018
all	3755	2	2260784	0.0000009
all	3757	1	2260784	0.0000004
all	3758	3	2260784	0.0000013
all	3761	2	2260784	0.0000009
all	3762	4	2260784	0.0000018
all	3764	2	2260784	0.0000009
all	3769	2	2260784	0.0000009
all	3770	4	2260784	0.0000018
all	3771	2	2260784	0.0000009
all	3772	4	2260784	0.0000018
all	3773	3	2260784	0.0000013
all	3775	2	2260784	0.0000009
all	3779	2	2260784	0.0000009
all	3781	4	2260784	0.0000018
all	3785	2	2260784	0.0000009
all	3786	2	2260784	0.0000009
all	3788	2	2260784	0.0000009
all	3791	4	2260784	0.0000018
all	3792	2	2260784	0.0000009
all	3793	2	2260784	0.0000009
all	3794	2	2260784	0.0000009
all	3798	2	2260784	0.0000009
all	3799	2	2260784	0.0000009
all	3802	2	2260784	0.0000009
all	3806	2	2260784	0.0000009
all	3813	2	2260784	0.0000009
all	3815	2	2260784	0.0000009
all	3819	2	2260784	0.0000009
all	3820	2	2260784	0.0000009
all	3822	2	2260784	0.0000009
all	3823	2	2260784	0.0000009
all	3838	2	2260784	0.0000009
all	3855	2	2260784	0.0000009
all	3861	2	2260784	0.0000009
all	3862	2	2260784	0.0000009
all	3865	2	2260784	0.0000009
all	3869	2	2260784	0.0000009
all	3871	4	2260784	0.0000018
all	3892	3	2260784	0.0000013
all	3895	2	2260784	0.0000009
all	3898	1	2260784	0.0000004
all	3899	1	2260784	0.0000004
all	3902	2	2260784	0.0000009
all	3903	3	2260784	0.0000013
all	3925	2	2260784	0.0000009
all	3929	2	2260784	0.0000009
all	3933	2	2260784	0.0000009
all	3935	4	2260784	0.0000018
all	3941	2	2260784	0.0000009
all	3944	2	2260784	0.0000009
all	3947	2	2260784	0.0000009
all	3953	2	2260784	0.0000009
all	3960	2	2260784	0.0000009
all	3965	2	2260784	0.0000009
all	3976	2	2260784	0.0000009
all	3983	2	2260784	0.0000009
all	3990	4	2260784	0.0000018
all	3991	2	2260784	0.0000009
all	3999	2	2260784	0.0000009
all	4011	2	2260784	0.0000009
all	4013	2	2260784	0.0000009
all	4016	2	2260784	0.0000009
all	4030	2	2260784	0.0000009
all	4036	2	2260784	0.0000009
all	4037	6	2260784	0.0000027
all	4059	2	2260784	0.0000009
all	4067	2	2260784	0.0000009
all	4068	2	2260784	0.0000009
all	4106	2	2260784	0.0000009
all	4123	2	2260784	0.0000009
all	4138	2	2260784	0.0000009
all	4168	2	2260784	0.0000009
all	4180	2	2260784	0.0000009
all	4195	2	2260784	0.0000009
all	4224	2	2260784	0.0000009
all	4225	2	2260784	0.0000009
all	4237	2	2260784	0.0000009
all	4241	2	2260784	0.0000009
all	4273	2	2260784	0.0000009
all	4286	2	2260784	0.0000009
all	4295	2	2260784	0.0000009
all	4308	2	2260784	0.0000009
all	4331	2	2260784	0.0000009
all	4361	2	2260784	0.0000009
all	4367	2	2260784	0.0000009
all	4369	2	2260784	0.0000009
all	4375	2	2260784	0.0000009
all	4377	4	2260784	0.0000018
all	4401	2	2260784	0.0000009
all	4402	2	2260784	0.0000009
all	4403	2	2260784	0.0000009
all	4418	2	2260784	0.0000009
all	4419	2	2260784	0.0000009
all	4438	2	2260784	0.0000009
all	4447	2	2260784	0.0000009
all	4450	2	2260784	0.0000009
all	4463	2	2260784	0.0000009
all	4466	2	2260784	0.0000009
all	4495	2	2260784	0.0000009
all	4504	2	2260784	0.0000009
all	4510	4	2260784	0.0000018
all	4537	2	2260784	0.0000009
all	4582	2	2260784	0.0000009
all	4628	2	2260784	0.0000009
all	4655	2	2260784	0.0000009
all	4693	2	2260784	0.0000009
all	4724	2	2260784	0.0000009
all	4748	2	2260784	0.0000009
all	4752	2	2260784	0.0000009
all	4769	2	2260784	0.0000009
all	4770	2	2260784	0.0000009
all	4778	2	2260784	0.0000009
all	4788	2	2260784	0.0000009
all	4793	1	2260784	0.0000004
all	4809	2	2260784	0.0000009
all	4827	1	2260784	0.0000004
all	4832	1	2260784	0.0000004
all	4840	2	2260784	0.0000009
all	4854	2	2260784	0.0000009
all	4870	1	2260784	0.0000004
all	4879	1	2260784	0.0000004
all	4910	2	2260784	0.0000009
all	4933	1	2260784	0.0000004
all	4985	1	2260784	0.0000004
all	4995	1	2260784	0.0000004
all	5026	1	2260784	0.0000004
all	5028	1	2260784	0.0000004
all	5048	1	2260784	0.0000004
all	5074	1	2260784	0.0000004
all	5081	2	2260784	0.0000009
all	5108	2	2260784	0.0000009
all	5111	1	2260784	0.0000004
all	5118	1	2260784	0.0000004
all	5138	2	2260784	0.0000009
all	5149	2	2260784	0.0000009
all	5156	1	2260784	0.0000004
all	5172	2	2260784	0.0000009
all	5174	1	2260784	0.0000004
all	5208	2	2260784	0.0000009
all	5209	2	2260784	0.0000009
all	5222	2	2260784	0.0000009
all	5226	2	2260784	0.0000009
all	5233	2	2260784	0.0000009
all	5235	2	2260784	0.0000009
all	5238	2	2260784	0.0000009
all	5244	2	2260784	0.0000009
all	5269	2	2260784	0.0000009
all	5301	2	2260784	0.0000009
all	5303	2	2260784	0.0000009
all	5337	2	2260784	0.0000009
all	5343	2	2260784	0.0000009
all	5359	2	2260784	0.0000009
all	5360	2	2260784	0.0000009
all	5363	2	2260784	0.0000009
all	5365	2	2260784	0.0000009
all	5371	2	2260784	0.0000009
all	5384	2	2260784	0.0000009
all	5400	2	2260784	0.0000009
all	5433	2	2260784	0.0000009
all	5453	2	2260784	0.0000009
all	5469	2	2260784	0.0000009
all	5478	4	2260784	0.0000018
all	5479	2	2260784	0.0000009
all	5496	2	2260784	0.0000009
all	5499	2	2260784	0.0000009
all	5502	4	2260784	0.0000018
all	5510	2	2260784	0.0000009
all	5527	2	2260784	0.0000009
all	5577	2	2260784	0.0000009
all	5579	2	2260784	0.0000009
all	5592	2	2260784	0.0000009
all	5600	2	2260784	0.0000009
all	5602	2	2260784	0.0000009
all	5606	2	2260784	0.0000009
all	5627	2	2260784	0.0000009
all	5641	2	2260784	0.0000009
all	5646	2	2260784	0.0000009
all	5650	2	2260784	0.0000009
all	5652	2	2260784	0.0000009
all	5659	2	2260784	0.0000009
all	5667	2	2260784	0.0000009
all	5674	2	2260784	0.0000009
all	5688	2	2260784	0.0000009
all	5694	2	2260784	0.0000009
all	5707	2	2260784	0.0000009
all	5714	2	2260784	0.0000009
all	5726	2	2260784	0.0000009
