all	0	198498	2260784	0.0878005
all	1	48070	2260784	0.0212625
all	2	39348	2260784	0.0174046
all	3	30153	2260784	0.0133374
all	4	27718	2260784	0.0122603
all	5	23781	2260784	0.0105189
all	6	23094	2260784	0.0102150
all	7	20252	2260784	0.0089580
all	8	19409	2260784	0.0085851
all	9	19917	2260784	0.0088098
all	10	19003	2260784	0.0084055
all	11	18105	2260784	0.0080083
all	12	17799	2260784	0.0078729
all	13	17085	2260784	0.0075571
all	14	16349	2260784	0.0072316
all	15	15253	2260784	0.0067468
all	16	15615	2260784	0.0069069
all	17	14813	2260784	0.0065522
all	18	14505	2260784	0.0064159
all	19	14055	2260784	0.0062169
all	20	14766	2260784	0.0065314
all	21	14053	2260784	0.0062160
all	22	12942	2260784	0.0057246
all	23	14157	2260784	0.0062620
all	24	13565	2260784	0.0060001
all	25	13246	2260784	0.0058590
all	26	12859	2260784	0.0056879
all	27	12498	2260784	0.0055282
all	28	12293	2260784	0.0054375
all	29	12686	2260784	0.0056113
all	30	12314	2260784	0.0054468
all	31	12573	2260784	0.0055613
all	32	12579	2260784	0.0055640
all	33	12031	2260784	0.0053216
all	34	12540	2260784	0.0055467
all	35	11554	2260784	0.0051106
all	36	11699	2260784	0.0051748
all	37	11170	2260784	0.0049408
all	38	11654	2260784	0.0051548
all	39	11225	2260784	0.0049651
all	40	11249	2260784	0.0049757
all	41	11350	2260784	0.0050204
all	42	11273	2260784	0.0049863
all	43	11201	2260784	0.0049545
all	44	11225	2260784	0.0049651
all	45	10560	2260784	0.0046709
all	46	10985	2260784	0.0048589
all	47	10350	2260784	0.0045781
all	48	10619	2260784	0.0046970
all	49	10738	2260784	0.0047497
all	50	10345	2260784	0.0045758
all	51	10436	2260784	0.0046161
all	52	10517	2260784	0.0046519
all	53	10158	2260784	0.0044931
all	54	10254	2260784	0.0045356
all	55	10177	2260784	0.0045015
all	56	10020	2260784	0.0044321
all	57	10269	2260784	0.0045422
all	58	10090	2260784	0.0044631
all	59	10307	2260784	0.0045590
all	60	9946	2260784	0.0043994
all	61	9825	2260784	0.0043458
all	62	9652	2260784	0.0042693
all	63	10196	2260784	0.0045099
all	64	10016	2260784	0.0044303
all	65	9860	2260784	0.0043613
all	66	9847	2260784	0.0043556
all	67	9529	2260784	0.0042149
all	68	9571	2260784	0.0042335
all	69	9543	2260784	0.0042211
all	70	9376	2260784	0.0041472
all	71	9327	2260784	0.0041256
all	72	9036	2260784	0.0039968
all	73	9012	2260784	0.0039862
all	74	9140	2260784	0.0040428
all	75	9004	2260784	0.0039827
all	76	9020	2260784	0.0039898
all	77	9337	2260784	0.0041300
all	78	9050	2260784	0.0040030
all	79	8906	2260784	0.0039393
all	80	8681	2260784	0.0038398
all	81	8517	2260784	0.0037673
all	82	8733	2260784	0.0038628
all	83	8341	2260784	0.0036894
all	84	8246	2260784	0.0036474
all	85	8575	2260784	0.0037929
all	86	8440	2260784	0.0037332
all	87	8272	2260784	0.0036589
all	88	8327	2260784	0.0036832
all	89	8225	2260784	0.0036381
all	90	8526	2260784	0.0037713
all	91	8082	2260784	0.0035749
all	92	8371	2260784	0.0037027
all	93	7821	2260784	0.0034594
all	94	7882	2260784	0.0034864
all	95	7618	2260784	0.0033696
all	96	7845	2260784	0.0034700
all	97	7748	2260784	0.0034271
all	98	7823	2260784	0.0034603
all	99	7678	2260784	0.0033962
all	100	7791	2260784	0.0034461
all	101	7809	2260784	0.0034541
all	102	7637	2260784	0.0033780
all	103	7467	2260784	0.0033028
all	104	7559	2260784	0.0033435
all	105	7464	2260784	0.0033015
all	106	7434	2260784	0.0032882
all	107	7289	2260784	0.0032241
all	108	7537	2260784	0.0033338
all	109	7715	2260784	0.0034125
all	110	7538	2260784	0.0033342
all	111	7370	2260784	0.0032599
all	112	7322	2260784	0.0032387
all	113	7444	2260784	0.0032927
all	114	7173	2260784	0.0031728
all	115	7270	2260784	0.0032157
all	116	7243	2260784	0.0032038
all	117	7131	2260784	0.0031542
all	118	7047	2260784	0.0031171
all	119	6709	2260784	0.0029676
all	120	6843	2260784	0.0030268
all	121	6630	2260784	0.0029326
all	122	6548	2260784	0.0028963
all	123	6745	2260784	0.0029835
all	124	6663	2260784	0.0029472
all	125	6435	2260784	0.0028464
all	126	6257	2260784	0.0027676
all	127	6422	2260784	0.0028406
all	128	6308	2260784	0.0027902
all	129	6131	2260784	0.0027119
all	130	6004	2260784	0.0026557
all	131	5817	2260784	0.0025730
all	132	6041	2260784	0.0026721
all	133	5941	2260784	0.0026278
all	134	6102	2260784	0.0026991
all	135	5974	2260784	0.0026424
all	136	5910	2260784	0.0026141
all	137	5949	2260784	0.0026314
all	138	5663	2260784	0.0025049
all	139	5757	2260784	0.0025465
all	140	5512	2260784	0.0024381
all	141	5601	2260784	0.0024775
all	142	5656	2260784	0.0025018
all	143	5562	2260784	0.0024602
all	144	5595	2260784	0.0024748
all	145	5616	2260784	0.0024841
all	146	5350	2260784	0.0023664
all	147	5332	2260784	0.0023585
all	148	5502	2260784	0.0024337
all	149	5508	2260784	0.0024363
all	150	5347	2260784	0.0023651
all	151	5596	2260784	0.0024752
all	152	5459	2260784	0.0024146
all	153	5243	2260784	0.0023191
all	154	5242	2260784	0.0023187
all	155	4989	2260784	0.0022068
all	156	4903	2260784	0.0021687
all	157	5261	2260784	0.0023271
all	158	5156	2260784	0.0022806
all	159	4802	2260784	0.0021240
all	160	4820	2260784	0.0021320
all	161	4638	2260784	0.0020515
all	162	4803	2260784	0.0021245
all	163	4676	2260784	0.0020683
all	164	4725	2260784	0.0020900
all	165	4666	2260784	0.0020639
all	166	4603	2260784	0.0020360
all	167	4595	2260784	0.0020325
all	168	4576	2260784	0.0020241
all	169	4665	2260784	0.0020634
all	170	4392	2260784	0.0019427
all	171	4342	2260784	0.0019206
all	172	4353	2260784	0.0019254
all	173	4361	2260784	0.0019290
all	174	4453	2260784	0.0019697
all	175	4462	2260784	0.0019737
all	176	4232	2260784	0.0018719
all	177	4388	2260784	0.0019409
all	178	4300	2260784	0.0019020
all	179	4438	2260784	0.0019630
all	180	4330	2260784	0.0019153
all	181	4201	2260784	0.0018582
all	182	4245	2260784	0.0018777
all	183	4200	2260784	0.0018578
all	184	4244	2260784	0.0018772
all	185	4163	2260784	0.0018414
all	186	4065	2260784	0.0017980
all	187	3985	2260784	0.0017627
all	188	4133	2260784	0.0018281
all	189	3926	2260784	0.0017366
all	190	3982	2260784	0.0017613
all	191	3900	2260784	0.0017251
all	192	3880	2260784	0.0017162
all	193	3732	2260784	0.0016508
all	194	3737	2260784	0.0016530
all	195	3725	2260784	0.0016477
all	196	3721	2260784	0.0016459
all	197	3634	2260784	0.0016074
all	198	3598	2260784	0.0015915
all	199	3431	2260784	0.0015176
all	200	3644	2260784	0.0016118
all	201	3531	2260784	0.0015618
all	202	3384	2260784	0.0014968
all	203	3324	2260784	0.0014703
all	204	3198	2260784	0.0014146
all	205	3163	2260784	0.0013991
all	206	3121	2260784	0.0013805
all	207	3207	2260784	0.0014185
all	208	3021	2260784	0.0013363
all	209	3232	2260784	0.0014296
all	210	3003	2260784	0.0013283
all	211	3003	2260784	0.0013283
all	212	3026	2260784	0.0013385
all	213	3054	2260784	0.0013509
all	214	2892	2260784	0.0012792
all	215	2939	2260784	0.0013000
all	216	2880	2260784	0.0012739
all	217	2834	2260784	0.0012535
all	218	2780	2260784	0.0012297
all	219	2853	2260784	0.0012620
all	220	2653	2260784	0.0011735
all	221	2723	2260784	0.0012044
all	222	2699	2260784	0.0011938
all	223	2652	2260784	0.0011730
all	224	2668	2260784	0.0011801
all	225	2638	2260784	0.0011669
all	226	2619	2260784	0.0011584
all	227	2655	2260784	0.0011744
all	228	2535	2260784	0.0011213
all	229	2761	2260784	0.0012213
all	230	2466	2260784	0.0010908
all	231	2585	2260784	0.0011434
all	232	2491	2260784	0.0011018
all	233	2427	2260784	0.0010735
all	234	2435	2260784	0.0010771
all	235	2375	2260784	0.0010505
all	236	2253	2260784	0.0009966
all	237	2390	2260784	0.0010572
all	238	2293	2260784	0.0010142
all	239	2297	2260784	0.0010160
all	240	2268	2260784	0.0010032
all	241	2272	2260784	0.0010050
all	242	2207	2260784	0.0009762
all	243	2280	2260784	0.0010085
all	244	2248	2260784	0.0009943
all	245	2078	2260784	0.0009192
all	246	2093	2260784	0.0009258
all	247	2051	2260784	0.0009072
all	248	1947	2260784	0.0008612
all	249	2030	2260784	0.0008979
all	250	1984	2260784	0.0008776
all	251	1934	2260784	0.0008555
all	252	1867	2260784	0.0008258
all	253	1826	2260784	0.0008077
all	254	1847	2260784	0.0008170
all	255	1761	2260784	0.0007789
all	256	1848	2260784	0.0008174
all	257	1778	2260784	0.0007865
all	258	1726	2260784	0.0007635
all	259	2024	2260784	0.0008953
all	260	1773	2260784	0.0007842
all	261	1714	2260784	0.0007581
all	262	1666	2260784	0.0007369
all	263	1809	2260784	0.0008002
all	264	1819	2260784	0.0008046
all	265	1745	2260784	0.0007719
all	266	1701	2260784	0.0007524
all	267	1618	2260784	0.0007157
all	268	1631	2260784	0.0007214
all	269	1515	2260784	0.0006701
all	270	1484	2260784	0.0006564
all	271	1548	2260784	0.0006847
all	272	1590	2260784	0.0007033
all	273	1600	2260784	0.0007077
all	274	1486	2260784	0.0006573
all	275	1421	2260784	0.0006285
all	276	1457	2260784	0.0006445
all	277	1453	2260784	0.0006427
all	278	1491	2260784	0.0006595
all	279	1359	2260784	0.0006011
all	280	1406	2260784	0.0006219
all	281	1313	2260784	0.0005808
all	282	1325	2260784	0.0005861
all	283	1299	2260784	0.0005746
all	284	1323	2260784	0.0005852
all	285	1412	2260784	0.0006246
all	286	1283	2260784	0.0005675
all	287	1255	2260784	0.0005551
all	288	1238	2260784	0.0005476
all	289	1223	2260784	0.0005410
all	290	1151	2260784	0.0005091
all	291	1188	2260784	0.0005255
all	292	1107	2260784	0.0004897
all	293	1138	2260784	0.0005034
all	294	1101	2260784	0.0004870
all	295	1106	2260784	0.0004892
all	296	1145	2260784	0.0005065
all	297	1118	2260784	0.0004945
all	298	1030	2260784	0.0004556
all	299	1119	2260784	0.0004950
all	300	1066	2260784	0.0004715
all	301	983	2260784	0.0004348
all	302	997	2260784	0.0004410
all	303	1044	2260784	0.0004618
all	304	961	2260784	0.0004251
all	305	946	2260784	0.0004184
all	306	913	2260784	0.0004038
all	307	989	2260784	0.0004375
all	308	950	2260784	0.0004202
all	309	856	2260784	0.0003786
all	310	849	2260784	0.0003755
all	311	832	2260784	0.0003680
all	312	849	2260784	0.0003755
all	313	847	2260784	0.0003746
all	314	833	2260784	0.0003685
all	315	847	2260784	0.0003746
all	316	770	2260784	0.0003406
all	317	816	2260784	0.0003609
all	318	745	2260784	0.0003295
all	319	814	2260784	0.0003601
all	320	717	2260784	0.0003171
all	321	755	2260784	0.0003340
all	322	712	2260784	0.0003149
all	323	747	2260784	0.0003304
all	324	708	2260784	0.0003132
all	325	766	2260784	0.0003388
all	326	735	2260784	0.0003251
all	327	714	2260784	0.0003158
all	328	738	2260784	0.0003264
all	329	716	2260784	0.0003167
all	330	697	2260784	0.0003083
all	331	784	2260784	0.0003468
all	332	695	2260784	0.0003074
all	333	694	2260784	0.0003070
all	334	656	2260784	0.0002902
all	335	684	2260784	0.0003025
all	336	598	2260784	0.0002645
all	337	671	2260784	0.0002968
all	338	573	2260784	0.0002535
all	339	601	2260784	0.0002658
all	340	612	2260784	0.0002707
all	341	600	2260784	0.0002654
all	342	631	2260784	0.0002791
all	343	571	2260784	0.0002526
all	344	571	2260784	0.0002526
all	345	564	2260784	0.0002495
all	346	567	2260784	0.0002508
all	347	480	2260784	0.0002123
all	348	474	2260784	0.0002097
all	349	435	2260784	0.0001924
all	350	489	2260784	0.0002163
all	351	489	2260784	0.0002163
all	352	497	2260784	0.0002198
all	353	521	2260784	0.0002305
all	354	474	2260784	0.0002097
all	355	445	2260784	0.0001968
all	356	462	2260784	0.0002044
all	357	446	2260784	0.0001973
all	358	474	2260784	0.0002097
all	359	467	2260784	0.0002066
all	360	405	2260784	0.0001791
all	361	452	2260784	0.0001999
all	362	447	2260784	0.0001977
all	363	429	2260784	0.0001898
all	364	459	2260784	0.0002030
all	365	441	2260784	0.0001951
all	366	477	2260784	0.0002110
all	367	404	2260784	0.0001787
all	368	408	2260784	0.0001805
all	369	400	2260784	0.0001769
all	370	459	2260784	0.0002030
all	371	429	2260784	0.0001898
all	372	353	2260784	0.0001561
all	373	353	2260784	0.0001561
all	374	427	2260784	0.0001889
all	375	367	2260784	0.0001623
all	376	364	2260784	0.0001610
all	377	429	2260784	0.0001898
all	378	327	2260784	0.0001446
all	379	391	2260784	0.0001729
all	380	332	2260784	0.0001469
all	381	337	2260784	0.0001491
all	382	297	2260784	0.0001314
all	383	329	2260784	0.0001455
all	384	327	2260784	0.0001446
all	385	331	2260784	0.0001464
all	386	330	2260784	0.0001460
all	387	305	2260784	0.0001349
all	388	294	2260784	0.0001300
all	389	335	2260784	0.0001482
all	390	324	2260784	0.0001433
all	391	287	2260784	0.0001269
all	392	303	2260784	0.0001340
all	393	274	2260784	0.0001212
all	394	284	2260784	0.0001256
all	395	242	2260784	0.0001070
all	396	298	2260784	0.0001318
all	397	222	2260784	0.0000982
all	398	289	2260784	0.0001278
all	399	221	2260784	0.0000978
all	400	261	2260784	0.0001154
all	401	245	2260784	0.0001084
all	402	233	2260784	0.0001031
all	403	226	2260784	0.0001000
all	404	199	2260784	0.0000880
all	405	200	2260784	0.0000885
all	406	179	2260784	0.0000792
all	407	230	2260784	0.0001017
all	408	193	2260784	0.0000854
all	409	211	2260784	0.0000933
all	410	216	2260784	0.0000955
all	411	204	2260784	0.0000902
all	412	149	2260784	0.0000659
all	413	208	2260784	0.0000920
all	414	226	2260784	0.0001000
all	415	161	2260784	0.0000712
all	416	187	2260784	0.0000827
all	417	170	2260784	0.0000752
all	418	164	2260784	0.0000725
all	419	172	2260784	0.0000761
all	420	172	2260784	0.0000761
all	421	170	2260784	0.0000752
all	422	188	2260784	0.0000832
all	423	188	2260784	0.0000832
all	424	163	2260784	0.0000721
all	425	151	2260784	0.0000668
all	426	151	2260784	0.0000668
all	427	139	2260784	0.0000615
all	428	134	2260784	0.0000593
all	429	143	2260784	0.0000633
all	430	117	2260784	0.0000518
all	431	149	2260784	0.0000659
all	432	176	2260784	0.0000778
all	433	120	2260784	0.0000531
all	434	148	2260784	0.0000655
all	435	176	2260784	0.0000778
all	436	129	2260784	0.0000571
all	437	142	2260784	0.0000628
all	438	103	2260784	0.0000456
all	439	126	2260784	0.0000557
all	440	94	2260784	0.0000416
all	441	119	2260784	0.0000526
all	442	148	2260784	0.0000655
all	443	81	2260784	0.0000358
all	444	90	2260784	0.0000398
all	445	86	2260784	0.0000380
all	446	106	2260784	0.0000469
all	447	72	2260784	0.0000318
all	448	82	2260784	0.0000363
all	449	96	2260784	0.0000425
all	450	91	2260784	0.0000403
all	451	95	2260784	0.0000420
all	452	76	2260784	0.0000336
all	453	104	2260784	0.0000460
all	454	69	2260784	0.0000305
all	455	60	2260784	0.0000265
all	456	78	2260784	0.0000345
all	457	73	2260784	0.0000323
all	458	63	2260784	0.0000279
all	459	62	2260784	0.0000274
all	460	74	2260784	0.0000327
all	461	70	2260784	0.0000310
all	462	78	2260784	0.0000345
all	463	76	2260784	0.0000336
all	464	63	2260784	0.0000279
all	465	99	2260784	0.0000438
all	466	74	2260784	0.0000327
all	467	55	2260784	0.0000243
all	468	75	2260784	0.0000332
all	469	55	2260784	0.0000243
all	470	48	2260784	0.0000212
all	471	87	2260784	0.0000385
all	472	64	2260784	0.0000283
all	473	54	2260784	0.0000239
all	474	44	2260784	0.0000195
all	475	48	2260784	0.0000212
all	476	52	2260784	0.0000230
all	477	59	2260784	0.0000261
all	478	51	2260784	0.0000226
all	479	80	2260784	0.0000354
all	480	35	2260784	0.0000155
all	481	42	2260784	0.0000186
all	482	53	2260784	0.0000234
all	483	44	2260784	0.0000195
all	484	49	2260784	0.0000217
all	485	77	2260784	0.0000341
all	486	56	2260784	0.0000248
all	487	53	2260784	0.0000234
all	488	42	2260784	0.0000186
all	489	56	2260784	0.0000248
all	490	66	2260784	0.0000292
all	491	51	2260784	0.0000226
all	492	55	2260784	0.0000243
all	493	39	2260784	0.0000173
all	494	37	2260784	0.0000164
all	495	48	2260784	0.0000212
all	496	43	2260784	0.0000190
all	497	37	2260784	0.0000164
all	498	60	2260784	0.0000265
all	499	48	2260784	0.0000212
all	500	46	2260784	0.0000203
all	501	52	2260784	0.0000230
all	502	42	2260784	0.0000186
all	503	42	2260784	0.0000186
all	504	28	2260784	0.0000124
all	505	38	2260784	0.0000168
all	506	19	2260784	0.0000084
all	507	45	2260784	0.0000199
all	508	35	2260784	0.0000155
all	509	36	2260784	0.0000159
all	510	36	2260784	0.0000159
all	511	26	2260784	0.0000115
all	512	25	2260784	0.0000111
all	513	36	2260784	0.0000159
all	514	21	2260784	0.0000093
all	515	38	2260784	0.0000168
all	516	52	2260784	0.0000230
all	517	26	2260784	0.0000115
all	518	36	2260784	0.0000159
all	519	29	2260784	0.0000128
all	520	16	2260784	0.0000071
all	521	44	2260784	0.0000195
all	522	39	2260784	0.0000173
all	523	27	2260784	0.0000119
all	524	35	2260784	0.0000155
all	525	43	2260784	0.0000190
all	526	30	2260784	0.0000133
all	527	35	2260784	0.0000155
all	528	23	2260784	0.0000102
all	529	40	2260784	0.0000177
all	530	20	2260784	0.0000088
all	531	33	2260784	0.0000146
all	532	21	2260784	0.0000093
all	533	29	2260784	0.0000128
all	534	25	2260784	0.0000111
all	535	32	2260784	0.0000142
all	536	37	2260784	0.0000164
all	537	24	2260784	0.0000106
all	538	15	2260784	0.0000066
all	539	21	2260784	0.0000093
all	540	29	2260784	0.0000128
all	541	16	2260784	0.0000071
all	542	36	2260784	0.0000159
all	543	9	2260784	0.0000040
all	544	23	2260784	0.0000102
all	545	13	2260784	0.0000058
all	546	8	2260784	0.0000035
all	547	20	2260784	0.0000088
all	548	9	2260784	0.0000040
all	549	12	2260784	0.0000053
all	550	14	2260784	0.0000062
all	551	10	2260784	0.0000044
all	552	15	2260784	0.0000066
all	553	10	2260784	0.0000044
all	554	9	2260784	0.0000040
all	555	14	2260784	0.0000062
all	556	12	2260784	0.0000053
all	557	16	2260784	0.0000071
all	558	17	2260784	0.0000075
all	559	15	2260784	0.0000066
all	560	14	2260784	0.0000062
all	561	21	2260784	0.0000093
all	562	14	2260784	0.0000062
all	563	16	2260784	0.0000071
all	564	15	2260784	0.0000066
all	565	18	2260784	0.0000080
all	566	6	2260784	0.0000027
all	567	14	2260784	0.0000062
all	568	20	2260784	0.0000088
all	569	10	2260784	0.0000044
all	570	15	2260784	0.0000066
all	571	21	2260784	0.0000093
all	572	13	2260784	0.0000058
all	573	9	2260784	0.0000040
all	574	21	2260784	0.0000093
all	575	17	2260784	0.0000075
all	576	9	2260784	0.0000040
all	577	11	2260784	0.0000049
all	578	13	2260784	0.0000058
all	579	8	2260784	0.0000035
all	580	8	2260784	0.0000035
all	581	8	2260784	0.0000035
all	582	9	2260784	0.0000040
all	583	11	2260784	0.0000049
all	584	14	2260784	0.0000062
all	585	18	2260784	0.0000080
all	586	19	2260784	0.0000084
all	587	23	2260784	0.0000102
all	588	21	2260784	0.0000093
all	589	15	2260784	0.0000066
all	590	11	2260784	0.0000049
all	591	11	2260784	0.0000049
all	592	7	2260784	0.0000031
all	593	10	2260784	0.0000044
all	594	17	2260784	0.0000075
all	595	7	2260784	0.0000031
all	596	12	2260784	0.0000053
all	597	13	2260784	0.0000058
all	598	11	2260784	0.0000049
all	600	8	2260784	0.0000035
all	601	11	2260784	0.0000049
all	602	6	2260784	0.0000027
all	603	12	2260784	0.0000053
all	604	11	2260784	0.0000049
all	605	8	2260784	0.0000035
all	606	8	2260784	0.0000035
all	607	4	2260784	0.0000018
all	608	5	2260784	0.0000022
all	609	2	2260784	0.0000009
all	610	7	2260784	0.0000031
all	611	16	2260784	0.0000071
all	612	6	2260784	0.0000027
all	613	8	2260784	0.0000035
all	614	13	2260784	0.0000058
all	615	5	2260784	0.0000022
all	616	16	2260784	0.0000071
all	617	13	2260784	0.0000058
all	618	21	2260784	0.0000093
all	619	10	2260784	0.0000044
all	620	4	2260784	0.0000018
all	621	7	2260784	0.0000031
all	622	7	2260784	0.0000031
all	623	4	2260784	0.0000018
all	624	10	2260784	0.0000044
all	625	3	2260784	0.0000013
all	626	9	2260784	0.0000040
all	627	12	2260784	0.0000053
all	628	6	2260784	0.0000027
all	629	9	2260784	0.0000040
all	630	6	2260784	0.0000027
all	631	6	2260784	0.0000027
all	632	14	2260784	0.0000062
all	633	6	2260784	0.0000027
all	634	8	2260784	0.0000035
all	635	6	2260784	0.0000027
all	636	12	2260784	0.0000053
all	637	3	2260784	0.0000013
all	638	2	2260784	0.0000009
all	639	8	2260784	0.0000035
all	640	2	2260784	0.0000009
all	641	12	2260784	0.0000053
all	642	10	2260784	0.0000044
all	643	6	2260784	0.0000027
all	644	7	2260784	0.0000031
all	645	1	2260784	0.0000004
all	646	5	2260784	0.0000022
all	647	8	2260784	0.0000035
all	648	6	2260784	0.0000027
all	649	6	2260784	0.0000027
all	650	14	2260784	0.0000062
all	651	3	2260784	0.0000013
all	652	2	2260784	0.0000009
all	653	8	2260784	0.0000035
all	654	7	2260784	0.0000031
all	655	8	2260784	0.0000035
all	657	10	2260784	0.0000044
all	658	6	2260784	0.0000027
all	659	8	2260784	0.0000035
all	660	8	2260784	0.0000035
all	661	8	2260784	0.0000035
all	662	5	2260784	0.0000022
all	663	12	2260784	0.0000053
all	664	14	2260784	0.0000062
all	665	10	2260784	0.0000044
all	666	4	2260784	0.0000018
all	667	2	2260784	0.0000009
all	668	5	2260784	0.0000022
all	669	7	2260784	0.0000031
all	670	12	2260784	0.0000053
all	671	6	2260784	0.0000027
all	672	3	2260784	0.0000013
all	673	3	2260784	0.0000013
all	674	7	2260784	0.0000031
all	675	10	2260784	0.0000044
all	676	8	2260784	0.0000035
all	677	10	2260784	0.0000044
all	678	4	2260784	0.0000018
all	679	9	2260784	0.0000040
all	680	4	2260784	0.0000018
all	682	4	2260784	0.0000018
all	683	7	2260784	0.0000031
all	684	11	2260784	0.0000049
all	685	2	2260784	0.0000009
all	686	4	2260784	0.0000018
all	687	3	2260784	0.0000013
all	688	2	2260784	0.0000009
all	689	5	2260784	0.0000022
all	690	9	2260784	0.0000040
all	691	8	2260784	0.0000035
all	692	8	2260784	0.0000035
all	693	2	2260784	0.0000009
all	694	8	2260784	0.0000035
all	697	2	2260784	0.0000009
all	698	8	2260784	0.0000035
all	699	3	2260784	0.0000013
all	700	11	2260784	0.0000049
all	701	3	2260784	0.0000013
all	702	4	2260784	0.0000018
all	703	10	2260784	0.0000044
all	704	2	2260784	0.0000009
all	705	2	2260784	0.0000009
all	706	4	2260784	0.0000018
all	707	7	2260784	0.0000031
all	708	6	2260784	0.0000027
all	709	4	2260784	0.0000018
all	710	4	2260784	0.0000018
all	711	2	2260784	0.0000009
all	712	2	2260784	0.0000009
all	713	1	2260784	0.0000004
all	714	3	2260784	0.0000013
all	716	2	2260784	0.0000009
all	718	1	2260784	0.0000004
all	719	2	2260784	0.0000009
all	720	4	2260784	0.0000018
all	722	4	2260784	0.0000018
all	723	5	2260784	0.0000022
all	724	7	2260784	0.0000031
all	725	13	2260784	0.0000058
all	726	4	2260784	0.0000018
all	727	4	2260784	0.0000018
all	728	7	2260784	0.0000031
all	729	2	2260784	0.0000009
all	730	6	2260784	0.0000027
all	731	13	2260784	0.0000058
all	732	3	2260784	0.0000013
all	733	2	2260784	0.0000009
all	734	5	2260784	0.0000022
all	735	7	2260784	0.0000031
all	737	4	2260784	0.0000018
all	739	3	2260784	0.0000013
all	740	2	2260784	0.0000009
all	741	3	2260784	0.0000013
all	742	6	2260784	0.0000027
all	744	6	2260784	0.0000027
all	745	4	2260784	0.0000018
all	746	9	2260784	0.0000040
all	747	1	2260784	0.0000004
all	748	4	2260784	0.0000018
all	749	5	2260784	0.0000022
all	750	4	2260784	0.0000018
all	752	4	2260784	0.0000018
all	753	3	2260784	0.0000013
all	754	4	2260784	0.0000018
all	756	4	2260784	0.0000018
all	757	7	2260784	0.0000031
all	758	8	2260784	0.0000035
all	759	5	2260784	0.0000022
all	760	9	2260784	0.0000040
all	761	7	2260784	0.0000031
all	762	10	2260784	0.0000044
all	763	4	2260784	0.0000018
all	765	9	2260784	0.0000040
all	766	1	2260784	0.0000004
all	767	4	2260784	0.0000018
all	768	1	2260784	0.0000004
all	769	3	2260784	0.0000013
all	771	7	2260784	0.0000031
all	772	1	2260784	0.0000004
all	773	5	2260784	0.0000022
all	774	11	2260784	0.0000049
all	775	5	2260784	0.0000022
all	776	6	2260784	0.0000027
all	777	6	2260784	0.0000027
all	779	2	2260784	0.0000009
all	780	4	2260784	0.0000018
all	781	3	2260784	0.0000013
all	782	6	2260784	0.0000027
all	783	4	2260784	0.0000018
all	784	3	2260784	0.0000013
all	785	2	2260784	0.0000009
all	786	3	2260784	0.0000013
all	787	2	2260784	0.0000009
all	788	4	2260784	0.0000018
all	789	4	2260784	0.0000018
all	790	6	2260784	0.0000027
all	791	2	2260784	0.0000009
all	792	6	2260784	0.0000027
all	793	7	2260784	0.0000031
all	794	2	2260784	0.0000009
all	796	6	2260784	0.0000027
all	797	3	2260784	0.0000013
all	798	4	2260784	0.0000018
all	799	2	2260784	0.0000009
all	800	3	2260784	0.0000013
all	802	2	2260784	0.0000009
all	803	2	2260784	0.0000009
all	804	1	2260784	0.0000004
all	805	1	2260784	0.0000004
all	806	4	2260784	0.0000018
all	807	3	2260784	0.0000013
all	808	1	2260784	0.0000004
all	809	4	2260784	0.0000018
all	810	3	2260784	0.0000013
all	811	5	2260784	0.0000022
all	812	1	2260784	0.0000004
all	813	2	2260784	0.0000009
all	814	1	2260784	0.0000004
all	816	2	2260784	0.0000009
all	817	3	2260784	0.0000013
all	818	2	2260784	0.0000009
all	824	3	2260784	0.0000013
all	825	2	2260784	0.0000009
all	826	2	2260784	0.0000009
all	827	4	2260784	0.0000018
all	828	1	2260784	0.0000004
all	830	2	2260784	0.0000009
all	832	4	2260784	0.0000018
all	835	6	2260784	0.0000027
all	836	1	2260784	0.0000004
all	837	6	2260784	0.0000027
all	838	3	2260784	0.0000013
all	839	6	2260784	0.0000027
all	840	4	2260784	0.0000018
all	841	2	2260784	0.0000009
all	842	3	2260784	0.0000013
all	843	2	2260784	0.0000009
all	845	2	2260784	0.0000009
all	847	1	2260784	0.0000004
all	848	4	2260784	0.0000018
all	849	3	2260784	0.0000013
all	851	8	2260784	0.0000035
all	852	6	2260784	0.0000027
all	853	2	2260784	0.0000009
all	855	4	2260784	0.0000018
all	856	3	2260784	0.0000013
all	857	4	2260784	0.0000018
all	858	2	2260784	0.0000009
all	861	4	2260784	0.0000018
all	862	5	2260784	0.0000022
all	863	4	2260784	0.0000018
all	864	1	2260784	0.0000004
all	865	2	2260784	0.0000009
all	867	2	2260784	0.0000009
all	868	2	2260784	0.0000009
all	869	1	2260784	0.0000004
all	870	2	2260784	0.0000009
all	871	3	2260784	0.0000013
all	873	4	2260784	0.0000018
all	876	2	2260784	0.0000009
all	877	4	2260784	0.0000018
all	879	4	2260784	0.0000018
all	880	4	2260784	0.0000018
all	882	8	2260784	0.0000035
all	883	5	2260784	0.0000022
all	884	4	2260784	0.0000018
all	885	3	2260784	0.0000013
all	887	3	2260784	0.0000013
all	888	1	2260784	0.0000004
all	889	2	2260784	0.0000009
all	891	3	2260784	0.0000013
all	892	2	2260784	0.0000009
all	893	2	2260784	0.0000009
all	894	2	2260784	0.0000009
all	895	2	2260784	0.0000009
all	896	6	2260784	0.0000027
all	897	1	2260784	0.0000004
all	899	2	2260784	0.0000009
all	900	4	2260784	0.0000018
all	901	2	2260784	0.0000009
all	903	4	2260784	0.0000018
all	904	4	2260784	0.0000018
all	905	6	2260784	0.0000027
all	906	2	2260784	0.0000009
all	908	2	2260784	0.0000009
all	909	2	2260784	0.0000009
all	910	2	2260784	0.0000009
all	911	2	2260784	0.0000009
all	912	3	2260784	0.0000013
all	913	2	2260784	0.0000009
all	914	4	2260784	0.0000018
all	918	8	2260784	0.0000035
all	919	1	2260784	0.0000004
all	920	2	2260784	0.0000009
all	923	2	2260784	0.0000009
all	924	12	2260784	0.0000053
all	926	5	2260784	0.0000022
all	929	1	2260784	0.0000004
all	930	2	2260784	0.0000009
all	932	6	2260784	0.0000027
all	933	2	2260784	0.0000009
all	935	2	2260784	0.0000009
all	936	4	2260784	0.0000018
all	937	1	2260784	0.0000004
all	939	4	2260784	0.0000018
all	940	1	2260784	0.0000004
all	941	2	2260784	0.0000009
all	942	2	2260784	0.0000009
all	943	2	2260784	0.0000009
all	944	1	2260784	0.0000004
all	948	4	2260784	0.0000018
all	949	2	2260784	0.0000009
all	954	4	2260784	0.0000018
all	955	2	2260784	0.0000009
all	962	2	2260784	0.0000009
all	963	2	2260784	0.0000009
all	964	2	2260784	0.0000009
all	968	2	2260784	0.0000009
all	969	3	2260784	0.0000013
all	970	1	2260784	0.0000004
all	971	2	2260784	0.0000009
all	972	2	2260784	0.0000009
all	973	2	2260784	0.0000009
all	974	1	2260784	0.0000004
all	975	4	2260784	0.0000018
all	978	4	2260784	0.0000018
all	979	3	2260784	0.0000013
all	980	6	2260784	0.0000027
all	983	3	2260784	0.0000013
all	986	1	2260784	0.0000004
all	992	2	2260784	0.0000009
all	993	3	2260784	0.0000013
all	994	1	2260784	0.0000004
all	998	1	2260784	0.0000004
all	999	4	2260784	0.0000018
all	1000	1	2260784	0.0000004
all	1005	1	2260784	0.0000004
all	1007	2	2260784	0.0000009
all	1009	5	2260784	0.0000022
all	1010	1	2260784	0.0000004
all	1012	2	2260784	0.0000009
all	1013	1	2260784	0.0000004
all	1014	1	2260784	0.0000004
all	1019	2	2260784	0.0000009
all	1024	6	2260784	0.0000027
all	1025	2	2260784	0.0000009
all	1026	1	2260784	0.0000004
all	1027	3	2260784	0.0000013
all	1028	1	2260784	0.0000004
all	1029	2	2260784	0.0000009
all	1030	1	2260784	0.0000004
all	1032	2	2260784	0.0000009
all	1033	2	2260784	0.0000009
all	1036	1	2260784	0.0000004
all	1037	2	2260784	0.0000009
all	1038	1	2260784	0.0000004
all	1040	3	2260784	0.0000013
all	1041	2	2260784	0.0000009
all	1042	1	2260784	0.0000004
all	1045	1	2260784	0.0000004
all	1046	1	2260784	0.0000004
all	1047	2	2260784	0.0000009
all	1048	4	2260784	0.0000018
all	1050	1	2260784	0.0000004
all	1053	3	2260784	0.0000013
all	1054	1	2260784	0.0000004
all	1055	5	2260784	0.0000022
all	1058	1	2260784	0.0000004
all	1059	2	2260784	0.0000009
all	1060	4	2260784	0.0000018
all	1061	4	2260784	0.0000018
all	1062	2	2260784	0.0000009
all	1063	6	2260784	0.0000027
all	1064	1	2260784	0.0000004
all	1069	1	2260784	0.0000004
all	1070	2	2260784	0.0000009
all	1071	2	2260784	0.0000009
all	1072	1	2260784	0.0000004
all	1073	2	2260784	0.0000009
all	1075	2	2260784	0.0000009
all	1076	2	2260784	0.0000009
all	1078	1	2260784	0.0000004
all	1079	2	2260784	0.0000009
all	1080	2	2260784	0.0000009
all	1081	1	2260784	0.0000004
all	1085	1	2260784	0.0000004
all	1087	5	2260784	0.0000022
all	1088	6	2260784	0.0000027
all	1092	2	2260784	0.0000009
all	1093	1	2260784	0.0000004
all	1094	1	2260784	0.0000004
all	1096	3	2260784	0.0000013
all	1097	2	2260784	0.0000009
all	1098	3	2260784	0.0000013
all	1099	3	2260784	0.0000013
all	1100	2	2260784	0.0000009
all	1101	1	2260784	0.0000004
all	1103	6	2260784	0.0000027
all	1105	2	2260784	0.0000009
all	1106	4	2260784	0.0000018
all	1107	1	2260784	0.0000004
all	1109	2	2260784	0.0000009
all	1110	1	2260784	0.0000004
all	1111	1	2260784	0.0000004
all	1112	1	2260784	0.0000004
all	1113	2	2260784	0.0000009
all	1114	8	2260784	0.0000035
all	1115	4	2260784	0.0000018
all	1116	2	2260784	0.0000009
all	1117	1	2260784	0.0000004
all	1118	2	2260784	0.0000009
all	1119	4	2260784	0.0000018
all	1121	4	2260784	0.0000018
all	1122	7	2260784	0.0000031
all	1123	5	2260784	0.0000022
all	1126	1	2260784	0.0000004
all	1128	6	2260784	0.0000027
all	1129	3	2260784	0.0000013
all	1130	1	2260784	0.0000004
all	1131	2	2260784	0.0000009
all	1132	7	2260784	0.0000031
all	1133	4	2260784	0.0000018
all	1134	4	2260784	0.0000018
all	1135	4	2260784	0.0000018
all	1139	2	2260784	0.0000009
all	1140	4	2260784	0.0000018
all	1142	2	2260784	0.0000009
all	1143	4	2260784	0.0000018
all	1145	1	2260784	0.0000004
all	1146	5	2260784	0.0000022
all	1147	1	2260784	0.0000004
all	1148	2	2260784	0.0000009
all	1151	2	2260784	0.0000009
all	1152	2	2260784	0.0000009
all	1153	1	2260784	0.0000004
all	1154	1	2260784	0.0000004
all	1155	1	2260784	0.0000004
all	1156	4	2260784	0.0000018
all	1160	2	2260784	0.0000009
all	1162	2	2260784	0.0000009
all	1163	2	2260784	0.0000009
all	1166	3	2260784	0.0000013
all	1169	1	2260784	0.0000004
all	1170	1	2260784	0.0000004
all	1171	1	2260784	0.0000004
all	1173	2	2260784	0.0000009
all	1176	1	2260784	0.0000004
all	1177	2	2260784	0.0000009
all	1178	1	2260784	0.0000004
all	1179	1	2260784	0.0000004
all	1183	1	2260784	0.0000004
all	1187	2	2260784	0.0000009
all	1189	1	2260784	0.0000004
all	1190	2	2260784	0.0000009
all	1191	2	2260784	0.0000009
all	1193	2	2260784	0.0000009
all	1194	5	2260784	0.0000022
all	1195	2	2260784	0.0000009
all	1197	3	2260784	0.0000013
all	1198	1	2260784	0.0000004
all	1199	1	2260784	0.0000004
all	1200	2	2260784	0.0000009
all	1201	1	2260784	0.0000004
all	1202	3	2260784	0.0000013
all	1203	1	2260784	0.0000004
all	1205	1	2260784	0.0000004
all	1206	2	2260784	0.0000009
all	1208	4	2260784	0.0000018
all	1209	1	2260784	0.0000004
all	1211	2	2260784	0.0000009
all	1212	1	2260784	0.0000004
all	1214	4	2260784	0.0000018
all	1217	3	2260784	0.0000013
all	1218	1	2260784	0.0000004
all	1221	3	2260784	0.0000013
all	1222	1	2260784	0.0000004
all	1224	1	2260784	0.0000004
all	1227	1	2260784	0.0000004
all	1228	1	2260784	0.0000004
all	1229	1	2260784	0.0000004
all	1232	5	2260784	0.0000022
all	1234	1	2260784	0.0000004
all	1235	1	2260784	0.0000004
all	1238	1	2260784	0.0000004
all	1240	1	2260784	0.0000004
all	1241	1	2260784	0.0000004
all	1242	1	2260784	0.0000004
all	1245	1	2260784	0.0000004
all	1248	1	2260784	0.0000004
all	1249	1	2260784	0.0000004
all	1250	4	2260784	0.0000018
all	1255	1	2260784	0.0000004
all	1256	1	2260784	0.0000004
all	1257	1	2260784	0.0000004
all	1259	1	2260784	0.0000004
all	1264	1	2260784	0.0000004
all	1267	1	2260784	0.0000004
all	1268	3	2260784	0.0000013
all	1269	1	2260784	0.0000004
all	1270	1	2260784	0.0000004
all	1273	1	2260784	0.0000004
all	1275	1	2260784	0.0000004
all	1276	1	2260784	0.0000004
all	1279	1	2260784	0.0000004
all	1280	1	2260784	0.0000004
all	1281	1	2260784	0.0000004
all	1282	1	2260784	0.0000004
all	1283	2	2260784	0.0000009
all	1285	1	2260784	0.0000004
all	1286	1	2260784	0.0000004
all	1287	3	2260784	0.0000013
all	1289	1	2260784	0.0000004
all	1290	2	2260784	0.0000009
all	1291	2	2260784	0.0000009
all	1294	3	2260784	0.0000013
all	1297	3	2260784	0.0000013
all	1298	4	2260784	0.0000018
all	1299	2	2260784	0.0000009
all	1303	2	2260784	0.0000009
all	1305	1	2260784	0.0000004
all	1307	1	2260784	0.0000004
all	1308	2	2260784	0.0000009
all	1314	1	2260784	0.0000004
all	1315	1	2260784	0.0000004
all	1317	2	2260784	0.0000009
all	1318	1	2260784	0.0000004
all	1319	3	2260784	0.0000013
all	1320	1	2260784	0.0000004
all	1321	2	2260784	0.0000009
all	1324	1	2260784	0.0000004
all	1326	1	2260784	0.0000004
all	1328	2	2260784	0.0000009
all	1329	1	2260784	0.0000004
all	1330	1	2260784	0.0000004
all	1332	1	2260784	0.0000004
all	1333	1	2260784	0.0000004
all	1334	1	2260784	0.0000004
all	1335	2	2260784	0.0000009
all	1336	4	2260784	0.0000018
all	1338	1	2260784	0.0000004
all	1339	3	2260784	0.0000013
all	1340	2	2260784	0.0000009
all	1341	2	2260784	0.0000009
all	1342	1	2260784	0.0000004
all	1345	3	2260784	0.0000013
all	1349	3	2260784	0.0000013
all	1350	1	2260784	0.0000004
all	1353	1	2260784	0.0000004
all	1354	4	2260784	0.0000018
all	1356	5	2260784	0.0000022
all	1357	2	2260784	0.0000009
all	1359	2	2260784	0.0000009
all	1360	2	2260784	0.0000009
all	1361	3	2260784	0.0000013
all	1362	2	2260784	0.0000009
all	1363	2	2260784	0.0000009
all	1364	1	2260784	0.0000004
all	1365	2	2260784	0.0000009
all	1366	1	2260784	0.0000004
all	1367	2	2260784	0.0000009
all	1371	2	2260784	0.0000009
all	1373	2	2260784	0.0000009
all	1375	1	2260784	0.0000004
all	1378	1	2260784	0.0000004
all	1379	1	2260784	0.0000004
all	1380	2	2260784	0.0000009
all	1381	2	2260784	0.0000009
all	1382	1	2260784	0.0000004
all	1384	1	2260784	0.0000004
all	1386	2	2260784	0.0000009
all	1389	1	2260784	0.0000004
all	1393	1	2260784	0.0000004
all	1394	1	2260784	0.0000004
all	1395	1	2260784	0.0000004
all	1396	1	2260784	0.0000004
all	1412	1	2260784	0.0000004
all	1413	1	2260784	0.0000004
all	1415	1	2260784	0.0000004
all	1418	1	2260784	0.0000004
all	1419	1	2260784	0.0000004
all	1423	2	2260784	0.0000009
all	1426	2	2260784	0.0000009
all	1431	1	2260784	0.0000004
all	1434	2	2260784	0.0000009
all	1435	1	2260784	0.0000004
all	1436	1	2260784	0.0000004
all	1437	1	2260784	0.0000004
all	1438	1	2260784	0.0000004
all	1439	1	2260784	0.0000004
all	1443	1	2260784	0.0000004
all	1445	1	2260784	0.0000004
all	1448	2	2260784	0.0000009
all	1457	1	2260784	0.0000004
all	1458	1	2260784	0.0000004
all	1459	1	2260784	0.0000004
all	1460	2	2260784	0.0000009
all	1463	3	2260784	0.0000013
all	1464	1	2260784	0.0000004
all	1465	1	2260784	0.0000004
all	1469	1	2260784	0.0000004
all	1470	1	2260784	0.0000004
all	1471	2	2260784	0.0000009
all	1472	1	2260784	0.0000004
all	1475	1	2260784	0.0000004
all	1477	2	2260784	0.0000009
all	1479	1	2260784	0.0000004
all	1481	1	2260784	0.0000004
all	1482	1	2260784	0.0000004
all	1483	2	2260784	0.0000009
all	1485	1	2260784	0.0000004
all	1487	1	2260784	0.0000004
all	1489	2	2260784	0.0000009
all	1496	1	2260784	0.0000004
all	1497	2	2260784	0.0000009
all	1499	1	2260784	0.0000004
all	1502	1	2260784	0.0000004
all	1504	2	2260784	0.0000009
all	1505	1	2260784	0.0000004
all	1506	1	2260784	0.0000004
all	1507	1	2260784	0.0000004
all	1508	2	2260784	0.0000009
all	1510	2	2260784	0.0000009
all	1512	2	2260784	0.0000009
all	1514	1	2260784	0.0000004
all	1516	2	2260784	0.0000009
all	1517	1	2260784	0.0000004
all	1518	1	2260784	0.0000004
all	1520	1	2260784	0.0000004
all	1524	1	2260784	0.0000004
all	1527	2	2260784	0.0000009
all	1529	1	2260784	0.0000004
all	1530	1	2260784	0.0000004
all	1534	1	2260784	0.0000004
all	1542	2	2260784	0.0000009
all	1550	1	2260784	0.0000004
all	1554	1	2260784	0.0000004
all	1555	1	2260784	0.0000004
all	1557	1	2260784	0.0000004
all	1558	1	2260784	0.0000004
all	1560	2	2260784	0.0000009
all	1561	2	2260784	0.0000009
all	1563	2	2260784	0.0000009
all	1565	1	2260784	0.0000004
all	1566	2	2260784	0.0000009
all	1568	1	2260784	0.0000004
all	1569	1	2260784	0.0000004
all	1570	1	2260784	0.0000004
all	1571	3	2260784	0.0000013
all	1575	1	2260784	0.0000004
all	1577	1	2260784	0.0000004
all	1581	1	2260784	0.0000004
all	1582	1	2260784	0.0000004
all	1584	1	2260784	0.0000004
all	1587	2	2260784	0.0000009
all	1597	1	2260784	0.0000004
all	1600	1	2260784	0.0000004
all	1605	3	2260784	0.0000013
all	1619	1	2260784	0.0000004
all	1621	2	2260784	0.0000009
all	1632	2	2260784	0.0000009
all	1633	1	2260784	0.0000004
all	1635	2	2260784	0.0000009
all	1638	1	2260784	0.0000004
all	1639	1	2260784	0.0000004
all	1641	2	2260784	0.0000009
all	1643	1	2260784	0.0000004
all	1645	1	2260784	0.0000004
all	1648	1	2260784	0.0000004
all	1650	1	2260784	0.0000004
all	1654	2	2260784	0.0000009
all	1659	1	2260784	0.0000004
all	1661	2	2260784	0.0000009
all	1663	1	2260784	0.0000004
all	1669	2	2260784	0.0000009
all	1670	1	2260784	0.0000004
all	1675	1	2260784	0.0000004
all	1681	1	2260784	0.0000004
all	1684	1	2260784	0.0000004
all	1694	1	2260784	0.0000004
all	1696	1	2260784	0.0000004
all	1699	1	2260784	0.0000004
all	1702	1	2260784	0.0000004
all	1707	2	2260784	0.0000009
all	1708	1	2260784	0.0000004
all	1709	2	2260784	0.0000009
all	1716	2	2260784	0.0000009
all	1718	1	2260784	0.0000004
all	1722	1	2260784	0.0000004
all	1723	1	2260784	0.0000004
all	1725	2	2260784	0.0000009
all	1735	2	2260784	0.0000009
all	1740	1	2260784	0.0000004
all	1749	2	2260784	0.0000009
all	1750	1	2260784	0.0000004
all	1754	1	2260784	0.0000004
all	1755	2	2260784	0.0000009
all	1757	2	2260784	0.0000009
all	1762	1	2260784	0.0000004
all	1768	1	2260784	0.0000004
all	1769	1	2260784	0.0000004
all	1771	1	2260784	0.0000004
all	1773	2	2260784	0.0000009
all	1780	1	2260784	0.0000004
all	1787	2	2260784	0.0000009
all	1791	2	2260784	0.0000009
all	1794	2	2260784	0.0000009
all	1795	2	2260784	0.0000009
all	1796	2	2260784	0.0000009
all	1797	1	2260784	0.0000004
all	1798	3	2260784	0.0000013
all	1800	1	2260784	0.0000004
all	1803	2	2260784	0.0000009
all	1804	1	2260784	0.0000004
all	1806	1	2260784	0.0000004
all	1807	1	2260784	0.0000004
all	1815	1	2260784	0.0000004
all	1818	2	2260784	0.0000009
all	1819	1	2260784	0.0000004
all	1821	1	2260784	0.0000004
all	1822	3	2260784	0.0000013
all	1823	1	2260784	0.0000004
all	1824	2	2260784	0.0000009
all	1827	1	2260784	0.0000004
all	1829	2	2260784	0.0000009
all	1835	2	2260784	0.0000009
all	1837	2	2260784	0.0000009
all	1842	2	2260784	0.0000009
all	1845	1	2260784	0.0000004
all	1846	4	2260784	0.0000018
all	1850	4	2260784	0.0000018
all	1852	4	2260784	0.0000018
all	1854	2	2260784	0.0000009
all	1855	1	2260784	0.0000004
all	1858	1	2260784	0.0000004
all	1859	2	2260784	0.0000009
all	1862	2	2260784	0.0000009
all	1865	4	2260784	0.0000018
all	1866	1	2260784	0.0000004
all	1867	2	2260784	0.0000009
all	1868	1	2260784	0.0000004
all	1869	2	2260784	0.0000009
all	1870	2	2260784	0.0000009
all	1872	8	2260784	0.0000035
all	1873	1	2260784	0.0000004
all	1874	1	2260784	0.0000004
all	1876	1	2260784	0.0000004
all	1877	3	2260784	0.0000013
all	1879	3	2260784	0.0000013
all	1880	3	2260784	0.0000013
all	1881	2	2260784	0.0000009
all	1882	3	2260784	0.0000013
all	1883	2	2260784	0.0000009
all	1889	2	2260784	0.0000009
all	1894	1	2260784	0.0000004
all	1896	3	2260784	0.0000013
all	1897	2	2260784	0.0000009
all	1901	2	2260784	0.0000009
all	1902	2	2260784	0.0000009
all	1903	2	2260784	0.0000009
all	1904	2	2260784	0.0000009
all	1911	2	2260784	0.0000009
all	1912	2	2260784	0.0000009
all	1914	2	2260784	0.0000009
all	1915	2	2260784	0.0000009
all	1916	4	2260784	0.0000018
all	1919	2	2260784	0.0000009
all	1921	1	2260784	0.0000004
all	1925	2	2260784	0.0000009
all	1929	2	2260784	0.0000009
all	1931	2	2260784	0.0000009
all	1936	1	2260784	0.0000004
all	1937	2	2260784	0.0000009
all	1938	2	2260784	0.0000009
all	1939	1	2260784	0.0000004
all	1941	1	2260784	0.0000004
all	1944	4	2260784	0.0000018
all	1946	2	2260784	0.0000009
all	1948	2	2260784	0.0000009
all	1949	2	2260784	0.0000009
all	1951	4	2260784	0.0000018
all	1952	2	2260784	0.0000009
all	1956	2	2260784	0.0000009
all	1969	2	2260784	0.0000009
all	1970	1	2260784	0.0000004
all	1971	2	2260784	0.0000009
all	1975	2	2260784	0.0000009
all	1977	2	2260784	0.0000009
all	1981	2	2260784	0.0000009
all	1982	2	2260784	0.0000009
all	1987	1	2260784	0.0000004
all	1989	2	2260784	0.0000009
all	1990	3	2260784	0.0000013
all	1993	2	2260784	0.0000009
all	1994	1	2260784	0.0000004
all	1999	2	2260784	0.0000009
all	2003	2	2260784	0.0000009
all	2009	2	2260784	0.0000009
all	2010	4	2260784	0.0000018
all	2015	3	2260784	0.0000013
all	2022	2	2260784	0.0000009
all	2024	2	2260784	0.0000009
all	2031	1	2260784	0.0000004
all	2036	5	2260784	0.0000022
all	2037	2	2260784	0.0000009
all	2039	2	2260784	0.0000009
all	2040	3	2260784	0.0000013
all	2041	2	2260784	0.0000009
all	2043	2	2260784	0.0000009
all	2045	4	2260784	0.0000018
all	2046	4	2260784	0.0000018
all	2048	1	2260784	0.0000004
all	2050	2	2260784	0.0000009
all	2051	4	2260784	0.0000018
all	2052	2	2260784	0.0000009
all	2053	2	2260784	0.0000009
all	2054	1	2260784	0.0000004
all	2059	3	2260784	0.0000013
all	2060	4	2260784	0.0000018
all	2063	5	2260784	0.0000022
all	2065	4	2260784	0.0000018
all	2068	4	2260784	0.0000018
all	2069	2	2260784	0.0000009
all	2071	2	2260784	0.0000009
all	2072	2	2260784	0.0000009
all	2075	4	2260784	0.0000018
all	2076	2	2260784	0.0000009
all	2077	2	2260784	0.0000009
all	2079	2	2260784	0.0000009
all	2083	1	2260784	0.0000004
all	2085	3	2260784	0.0000013
all	2086	2	2260784	0.0000009
all	2088	1	2260784	0.0000004
all	2089	4	2260784	0.0000018
all	2091	2	2260784	0.0000009
all	2092	2	2260784	0.0000009
all	2096	2	2260784	0.0000009
all	2097	2	2260784	0.0000009
all	2098	2	2260784	0.0000009
all	2099	1	2260784	0.0000004
all	2100	4	2260784	0.0000018
all	2103	4	2260784	0.0000018
all	2104	2	2260784	0.0000009
all	2105	2	2260784	0.0000009
all	2107	4	2260784	0.0000018
all	2108	4	2260784	0.0000018
all	2109	4	2260784	0.0000018
all	2110	2	2260784	0.0000009
all	2112	4	2260784	0.0000018
all	2113	4	2260784	0.0000018
all	2115	6	2260784	0.0000027
all	2120	5	2260784	0.0000022
all	2121	3	2260784	0.0000013
all	2122	3	2260784	0.0000013
all	2126	2	2260784	0.0000009
all	2127	2	2260784	0.0000009
all	2131	4	2260784	0.0000018
all	2132	2	2260784	0.0000009
all	2134	2	2260784	0.0000009
all	2135	1	2260784	0.0000004
all	2136	1	2260784	0.0000004
all	2137	3	2260784	0.0000013
all	2138	4	2260784	0.0000018
all	2140	2	2260784	0.0000009
all	2141	2	2260784	0.0000009
all	2142	2	2260784	0.0000009
all	2143	2	2260784	0.0000009
all	2144	4	2260784	0.0000018
all	2146	4	2260784	0.0000018
all	2148	2	2260784	0.0000009
all	2152	4	2260784	0.0000018
all	2153	2	2260784	0.0000009
all	2155	3	2260784	0.0000013
all	2156	3	2260784	0.0000013
all	2157	4	2260784	0.0000018
all	2158	4	2260784	0.0000018
all	2159	6	2260784	0.0000027
all	2160	2	2260784	0.0000009
all	2161	1	2260784	0.0000004
all	2162	2	2260784	0.0000009
all	2163	3	2260784	0.0000013
all	2164	2	2260784	0.0000009
all	2165	6	2260784	0.0000027
all	2166	2	2260784	0.0000009
all	2167	10	2260784	0.0000044
all	2168	2	2260784	0.0000009
all	2170	4	2260784	0.0000018
all	2172	4	2260784	0.0000018
all	2173	6	2260784	0.0000027
all	2175	4	2260784	0.0000018
all	2176	8	2260784	0.0000035
all	2177	4	2260784	0.0000018
all	2178	4	2260784	0.0000018
all	2180	6	2260784	0.0000027
all	2181	4	2260784	0.0000018
all	2183	2	2260784	0.0000009
all	2184	5	2260784	0.0000022
all	2185	2	2260784	0.0000009
all	2186	2	2260784	0.0000009
all	2188	8	2260784	0.0000035
all	2189	2	2260784	0.0000009
all	2191	2	2260784	0.0000009
all	2193	2	2260784	0.0000009
all	2194	3	2260784	0.0000013
all	2195	6	2260784	0.0000027
all	2196	2	2260784	0.0000009
all	2197	2	2260784	0.0000009
all	2198	2	2260784	0.0000009
all	2199	2	2260784	0.0000009
all	2200	6	2260784	0.0000027
all	2201	8	2260784	0.0000035
all	2202	4	2260784	0.0000018
all	2203	2	2260784	0.0000009
all	2204	4	2260784	0.0000018
all	2207	2	2260784	0.0000009
all	2208	2	2260784	0.0000009
all	2210	4	2260784	0.0000018
all	2216	2	2260784	0.0000009
all	2217	2	2260784	0.0000009
all	2219	2	2260784	0.0000009
all	2220	3	2260784	0.0000013
all	2225	2	2260784	0.0000009
all	2226	1	2260784	0.0000004
all	2227	1	2260784	0.0000004
all	2228	4	2260784	0.0000018
all	2230	4	2260784	0.0000018
all	2235	4	2260784	0.0000018
all	2238	2	2260784	0.0000009
all	2246	2	2260784	0.0000009
all	2247	2	2260784	0.0000009
all	2249	2	2260784	0.0000009
all	2252	2	2260784	0.0000009
all	2254	2	2260784	0.0000009
all	2255	4	2260784	0.0000018
all	2258	2	2260784	0.0000009
all	2262	1	2260784	0.0000004
all	2264	2	2260784	0.0000009
all	2269	2	2260784	0.0000009
all	2270	2	2260784	0.0000009
all	2272	2	2260784	0.0000009
all	2274	2	2260784	0.0000009
all	2276	2	2260784	0.0000009
all	2277	1	2260784	0.0000004
all	2278	2	2260784	0.0000009
all	2279	2	2260784	0.0000009
all	2280	4	2260784	0.0000018
all	2282	4	2260784	0.0000018
all	2284	2	2260784	0.0000009
all	2285	4	2260784	0.0000018
all	2287	6	2260784	0.0000027
all	2290	4	2260784	0.0000018
all	2291	8	2260784	0.0000035
all	2292	2	2260784	0.0000009
all	2295	4	2260784	0.0000018
all	2296	2	2260784	0.0000009
all	2297	2	2260784	0.0000009
all	2298	1	2260784	0.0000004
all	2300	2	2260784	0.0000009
all	2302	2	2260784	0.0000009
all	2304	2	2260784	0.0000009
all	2306	2	2260784	0.0000009
all	2307	6	2260784	0.0000027
all	2308	2	2260784	0.0000009
all	2310	2	2260784	0.0000009
all	2312	3	2260784	0.0000013
all	2313	1	2260784	0.0000004
all	2314	2	2260784	0.0000009
all	2317	2	2260784	0.0000009
all	2318	4	2260784	0.0000018
all	2320	2	2260784	0.0000009
all	2321	4	2260784	0.0000018
all	2322	2	2260784	0.0000009
all	2323	2	2260784	0.0000009
all	2324	2	2260784	0.0000009
all	2325	3	2260784	0.0000013
all	2329	2	2260784	0.0000009
all	2330	2	2260784	0.0000009
all	2332	6	2260784	0.0000027
all	2333	2	2260784	0.0000009
all	2334	2	2260784	0.0000009
all	2335	1	2260784	0.0000004
all	2336	4	2260784	0.0000018
all	2337	6	2260784	0.0000027
all	2338	3	2260784	0.0000013
all	2340	2	2260784	0.0000009
all	2341	10	2260784	0.0000044
all	2342	4	2260784	0.0000018
all	2344	4	2260784	0.0000018
all	2345	4	2260784	0.0000018
all	2346	2	2260784	0.0000009
all	2348	2	2260784	0.0000009
all	2349	2	2260784	0.0000009
all	2350	4	2260784	0.0000018
all	2351	2	2260784	0.0000009
all	2352	5	2260784	0.0000022
all	2359	4	2260784	0.0000018
all	2360	1	2260784	0.0000004
all	2361	4	2260784	0.0000018
all	2362	2	2260784	0.0000009
all	2364	3	2260784	0.0000013
all	2365	4	2260784	0.0000018
all	2366	1	2260784	0.0000004
all	2367	2	2260784	0.0000009
all	2368	2	2260784	0.0000009
all	2369	4	2260784	0.0000018
all	2370	2	2260784	0.0000009
all	2376	2	2260784	0.0000009
all	2379	4	2260784	0.0000018
all	2381	2	2260784	0.0000009
all	2384	2	2260784	0.0000009
all	2385	2	2260784	0.0000009
all	2388	2	2260784	0.0000009
all	2389	1	2260784	0.0000004
all	2390	1	2260784	0.0000004
all	2391	2	2260784	0.0000009
all	2395	5	2260784	0.0000022
all	2396	2	2260784	0.0000009
all	2397	2	2260784	0.0000009
all	2399	2	2260784	0.0000009
all	2400	2	2260784	0.0000009
all	2414	2	2260784	0.0000009
all	2416	2	2260784	0.0000009
all	2428	2	2260784	0.0000009
all	2430	2	2260784	0.0000009
all	2431	2	2260784	0.0000009
all	2433	2	2260784	0.0000009
all	2435	2	2260784	0.0000009
all	2436	2	2260784	0.0000009
all	2441	2	2260784	0.0000009
all	2442	4	2260784	0.0000018
all	2444	4	2260784	0.0000018
all	2449	2	2260784	0.0000009
all	2452	2	2260784	0.0000009
all	2459	2	2260784	0.0000009
all	2460	4	2260784	0.0000018
all	2465	2	2260784	0.0000009
all	2470	2	2260784	0.0000009
all	2471	2	2260784	0.0000009
all	2477	2	2260784	0.0000009
all	2479	2	2260784	0.0000009
all	2483	2	2260784	0.0000009
all	2492	4	2260784	0.0000018
all	2507	2	2260784	0.0000009
all	2514	2	2260784	0.0000009
all	2531	2	2260784	0.0000009
all	2534	2	2260784	0.0000009
all	2542	2	2260784	0.0000009
all	2555	2	2260784	0.0000009
all	2573	2	2260784	0.0000009
all	2575	2	2260784	0.0000009
all	2578	2	2260784	0.0000009
all	2592	2	2260784	0.0000009
all	2620	2	2260784	0.0000009
all	2624	2	2260784	0.0000009
all	2647	2	2260784	0.0000009
all	2650	2	2260784	0.0000009
all	2652	4	2260784	0.0000018
all	2657	2	2260784	0.0000009
all	2659	2	2260784	0.0000009
all	2665	4	2260784	0.0000018
all	2667	2	2260784	0.0000009
all	2668	2	2260784	0.0000009
all	2669	2	2260784	0.0000009
all	2670	2	2260784	0.0000009
all	2674	2	2260784	0.0000009
all	2678	2	2260784	0.0000009
all	2681	2	2260784	0.0000009
all	2683	2	2260784	0.0000009
all	2693	2	2260784	0.0000009
all	2695	2	2260784	0.0000009
all	2698	2	2260784	0.0000009
all	2702	2	2260784	0.0000009
all	2707	1	2260784	0.0000004
all	2710	2	2260784	0.0000009
all	2712	1	2260784	0.0000004
all	2719	4	2260784	0.0000018
all	2729	2	2260784	0.0000009
all	2730	2	2260784	0.0000009
all	2734	3	2260784	0.0000013
all	2737	4	2260784	0.0000018
all	2739	3	2260784	0.0000013
all	2741	2	2260784	0.0000009
all	2746	2	2260784	0.0000009
all	2748	2	2260784	0.0000009
all	2750	2	2260784	0.0000009
all	2751	2	2260784	0.0000009
all	2752	4	2260784	0.0000018
all	2753	2	2260784	0.0000009
all	2755	2	2260784	0.0000009
all	2757	2	2260784	0.0000009
all	2768	2	2260784	0.0000009
all	2770	2	2260784	0.0000009
all	2778	2	2260784	0.0000009
all	2779	4	2260784	0.0000018
all	2780	2	2260784	0.0000009
all	2784	2	2260784	0.0000009
all	2785	2	2260784	0.0000009
all	2791	2	2260784	0.0000009
all	2804	2	2260784	0.0000009
all	2806	2	2260784	0.0000009
all	2807	2	2260784	0.0000009
all	2809	2	2260784	0.0000009
all	2811	6	2260784	0.0000027
all	2814	2	2260784	0.0000009
all	2816	6	2260784	0.0000027
all	2819	2	2260784	0.0000009
all	2820	6	2260784	0.0000027
all	2821	4	2260784	0.0000018
all	2823	2	2260784	0.0000009
all	2825	2	2260784	0.0000009
all	2826	2	2260784	0.0000009
all	2832	2	2260784	0.0000009
all	2834	2	2260784	0.0000009
all	2840	2	2260784	0.0000009
all	2841	2	2260784	0.0000009
all	2842	2	2260784	0.0000009
all	2846	2	2260784	0.0000009
all	2852	2	2260784	0.0000009
all	2862	4	2260784	0.0000018
all	2864	2	2260784	0.0000009
all	2869	2	2260784	0.0000009
all	2887	2	2260784	0.0000009
all	2917	2	2260784	0.0000009
all	2940	2	2260784	0.0000009
all	2954	2	2260784	0.0000009
all	2973	2	2260784	0.0000009
all	2982	2	2260784	0.0000009
all	3010	2	2260784	0.0000009
all	3013	2	2260784	0.0000009
all	3020	2	2260784	0.0000009
all	3023	1	2260784	0.0000004
all	3033	2	2260784	0.0000009
all	3053	1	2260784	0.0000004
all	3066	1	2260784	0.0000004
all	3082	2	2260784	0.0000009
all	3086	2	2260784	0.0000009
all	3102	1	2260784	0.0000004
all	3104	2	2260784	0.0000009
all	3111	2	2260784	0.0000009
all	3114	2	2260784	0.0000009
all	3133	1	2260784	0.0000004
all	3138	2	2260784	0.0000009
all	3152	2	2260784	0.0000009
all	3170	1	2260784	0.0000004
all	3180	1	2260784	0.0000004
all	3187	1	2260784	0.0000004
all	3225	2	2260784	0.0000009
all	3228	2	2260784	0.0000009
all	3243	2	2260784	0.0000009
all	3244	2	2260784	0.0000009
all	3263	2	2260784	0.0000009
all	3288	2	2260784	0.0000009
all	3307	2	2260784	0.0000009
all	3318	2	2260784	0.0000009
all	3328	2	2260784	0.0000009
all	3338	2	2260784	0.0000009
all	3371	2	2260784	0.0000009
all	3372	2	2260784	0.0000009
all	3374	2	2260784	0.0000009
all	3387	2	2260784	0.0000009
all	3389	2	2260784	0.0000009
all	3394	2	2260784	0.0000009
all	3413	4	2260784	0.0000018
all	3418	1	2260784	0.0000004
all	3422	2	2260784	0.0000009
all	3453	2	2260784	0.0000009
all	3464	1	2260784	0.0000004
all	3465	1	2260784	0.0000004
all	3467	1	2260784	0.0000004
all	3476	2	2260784	0.0000009
all	3491	1	2260784	0.0000004
all	3497	1	2260784	0.0000004
all	3520	2	2260784	0.0000009
all	3527	1	2260784	0.0000004
all	3541	1	2260784	0.0000004
all	3548	2	2260784	0.0000009
all	3553	2	2260784	0.0000009
all	3567	2	2260784	0.0000009
all	3571	2	2260784	0.0000009
all	3577	2	2260784	0.0000009
all	3590	2	2260784	0.0000009
all	3594	2	2260784	0.0000009
all	3598	2	2260784	0.0000009
all	3606	2	2260784	0.0000009
all	3613	2	2260784	0.0000009
all	3617	2	2260784	0.0000009
all	3618	2	2260784	0.0000009
all	3624	4	2260784	0.0000018
all	3627	2	2260784	0.0000009
all	3628	2	2260784	0.0000009
all	3644	2	2260784	0.0000009
all	3665	2	2260784	0.0000009
all	3674	2	2260784	0.0000009
all	3682	2	2260784	0.0000009
all	3691	2	2260784	0.0000009
all	3701	2	2260784	0.0000009
all	3704	2	2260784	0.0000009
all	3709	2	2260784	0.0000009
all	3713	2	2260784	0.0000009
all	3719	2	2260784	0.0000009
all	3721	2	2260784	0.0000009
all	3722	2	2260784	0.0000009
all	3730	2	2260784	0.0000009
all	3737	2	2260784	0.0000009
all	3743	2	2260784	0.0000009
all	3753	2	2260784	0.0000009
all	3757	2	2260784	0.0000009
all	3763	2	2260784	0.0000009
all	3767	2	2260784	0.0000009
all	3773	2	2260784	0.0000009
all	3779	2	2260784	0.0000009
all	3784	2	2260784	0.0000009
all	3811	2	2260784	0.0000009
all	3828	2	2260784	0.0000009
all	3837	2	2260784	0.0000009
all	3839	2	2260784	0.0000009
all	3843	2	2260784	0.0000009
all	3845	4	2260784	0.0000018
