all	0	164666	2260784	0.0728358
all	1	31799	2260784	0.0140655
all	2	25018	2260784	0.0110661
all	3	20171	2260784	0.0089221
all	4	17906	2260784	0.0079203
all	5	16368	2260784	0.0072400
all	6	14474	2260784	0.0064022
all	7	14146	2260784	0.0062571
all	8	13234	2260784	0.0058537
all	9	12306	2260784	0.0054432
all	10	11271	2260784	0.0049854
all	11	11588	2260784	0.0051257
all	12	11142	2260784	0.0049284
all	13	10544	2260784	0.0046639
all	14	11243	2260784	0.0049731
all	15	10231	2260784	0.0045254
all	16	9367	2260784	0.0041433
all	17	9555	2260784	0.0042264
all	18	9929	2260784	0.0043918
all	19	9831	2260784	0.0043485
all	20	9347	2260784	0.0041344
all	21	9060	2260784	0.0040075
all	22	9051	2260784	0.0040035
all	23	9147	2260784	0.0040459
all	24	8629	2260784	0.0038168
all	25	8691	2260784	0.0038442
all	26	8513	2260784	0.0037655
all	27	7965	2260784	0.0035231
all	28	8467	2260784	0.0037452
all	29	8405	2260784	0.0037177
all	30	8294	2260784	0.0036686
all	31	8139	2260784	0.0036001
all	32	7674	2260784	0.0033944
all	33	7515	2260784	0.0033241
all	34	7232	2260784	0.0031989
all	35	7782	2260784	0.0034422
all	36	7632	2260784	0.0033758
all	37	7342	2260784	0.0032475
all	38	7482	2260784	0.0033095
all	39	7269	2260784	0.0032153
all	40	7306	2260784	0.0032316
all	41	7389	2260784	0.0032683
all	42	7226	2260784	0.0031962
all	43	6867	2260784	0.0030374
all	44	6931	2260784	0.0030658
all	45	7075	2260784	0.0031294
all	46	7014	2260784	0.0031025
all	47	7084	2260784	0.0031334
all	48	6967	2260784	0.0030817
all	49	6614	2260784	0.0029255
all	50	5880	2260784	0.0026009
all	51	6432	2260784	0.0028450
all	52	6414	2260784	0.0028371
all	53	6616	2260784	0.0029264
all	54	6690	2260784	0.0029592
all	55	6385	2260784	0.0028242
all	56	6069	2260784	0.0026845
all	57	5956	2260784	0.0026345
all	58	6230	2260784	0.0027557
all	59	6269	2260784	0.0027729
all	60	6158	2260784	0.0027238
all	61	5702	2260784	0.0025221
all	62	5771	2260784	0.0025527
all	63	5740	2260784	0.0025389
all	64	5865	2260784	0.0025942
all	65	5824	2260784	0.0025761
all	66	5736	2260784	0.0025372
all	67	5904	2260784	0.0026115
all	68	6028	2260784	0.0026663
all	69	5750	2260784	0.0025434
all	70	5957	2260784	0.0026349
all	71	5655	2260784	0.0025013
all	72	5590	2260784	0.0024726
all	73	5492	2260784	0.0024292
all	74	5693	2260784	0.0025182
all	75	5636	2260784	0.0024929
all	76	5718	2260784	0.0025292
all	77	5743	2260784	0.0025403
all	78	5560	2260784	0.0024593
all	79	5529	2260784	0.0024456
all	80	5487	2260784	0.0024270
all	81	5174	2260784	0.0022886
all	82	5439	2260784	0.0024058
all	83	5518	2260784	0.0024407
all	84	5323	2260784	0.0023545
all	85	5547	2260784	0.0024536
all	86	5181	2260784	0.0022917
all	87	5193	2260784	0.0022970
all	88	5252	2260784	0.0023231
all	89	5105	2260784	0.0022581
all	90	5180	2260784	0.0022912
all	91	5204	2260784	0.0023019
all	92	5283	2260784	0.0023368
all	93	5143	2260784	0.0022749
all	94	5062	2260784	0.0022390
all	95	5088	2260784	0.0022505
all	96	5080	2260784	0.0022470
all	97	5284	2260784	0.0023372
all	98	5395	2260784	0.0023863
all	99	5283	2260784	0.0023368
all	100	5073	2260784	0.0022439
all	101	5254	2260784	0.0023240
all	102	5132	2260784	0.0022700
all	103	5264	2260784	0.0023284
all	104	5083	2260784	0.0022483
all	105	4998	2260784	0.0022107
all	106	5210	2260784	0.0023045
all	107	4974	2260784	0.0022001
all	108	5048	2260784	0.0022329
all	109	5134	2260784	0.0022709
all	110	5100	2260784	0.0022559
all	111	5028	2260784	0.0022240
all	112	5204	2260784	0.0023019
all	113	4943	2260784	0.0021864
all	114	4847	2260784	0.0021439
all	115	5018	2260784	0.0022196
all	116	5014	2260784	0.0022178
all	117	4935	2260784	0.0021829
all	118	4920	2260784	0.0021762
all	119	5025	2260784	0.0022227
all	120	4799	2260784	0.0021227
all	121	4922	2260784	0.0021771
all	122	4712	2260784	0.0020842
all	123	4680	2260784	0.0020701
all	124	4773	2260784	0.0021112
all	125	4848	2260784	0.0021444
all	126	4751	2260784	0.0021015
all	127	4693	2260784	0.0020758
all	128	4615	2260784	0.0020413
all	129	4611	2260784	0.0020396
all	130	4642	2260784	0.0020533
all	131	4651	2260784	0.0020573
all	132	4640	2260784	0.0020524
all	133	4970	2260784	0.0021984
all	134	4517	2260784	0.0019980
all	135	4796	2260784	0.0021214
all	136	4520	2260784	0.0019993
all	137	4593	2260784	0.0020316
all	138	4632	2260784	0.0020488
all	139	4539	2260784	0.0020077
all	140	4580	2260784	0.0020258
all	141	4553	2260784	0.0020139
all	142	4527	2260784	0.0020024
all	143	4617	2260784	0.0020422
all	144	4376	2260784	0.0019356
all	145	4216	2260784	0.0018648
all	146	4296	2260784	0.0019002
all	147	4653	2260784	0.0020581
all	148	4274	2260784	0.0018905
all	149	4502	2260784	0.0019913
all	150	4516	2260784	0.0019975
all	151	4480	2260784	0.0019816
all	152	4450	2260784	0.0019683
all	153	4584	2260784	0.0020276
all	154	4302	2260784	0.0019029
all	155	4330	2260784	0.0019153
all	156	4301	2260784	0.0019024
all	157	4324	2260784	0.0019126
all	158	4405	2260784	0.0019484
all	159	4228	2260784	0.0018701
all	160	4233	2260784	0.0018724
all	161	4209	2260784	0.0018617
all	162	4089	2260784	0.0018087
all	163	4253	2260784	0.0018812
all	164	4157	2260784	0.0018387
all	165	4071	2260784	0.0018007
all	166	4211	2260784	0.0018626
all	167	3979	2260784	0.0017600
all	168	4164	2260784	0.0018418
all	169	4156	2260784	0.0018383
all	170	3953	2260784	0.0017485
all	171	3961	2260784	0.0017520
all	172	4077	2260784	0.0018034
all	173	4167	2260784	0.0018432
all	174	4076	2260784	0.0018029
all	175	3979	2260784	0.0017600
all	176	3824	2260784	0.0016914
all	177	3805	2260784	0.0016830
all	178	3733	2260784	0.0016512
all	179	3689	2260784	0.0016317
all	180	3787	2260784	0.0016751
all	181	3713	2260784	0.0016424
all	182	3766	2260784	0.0016658
all	183	3764	2260784	0.0016649
all	184	3491	2260784	0.0015442
all	185	3803	2260784	0.0016822
all	186	3859	2260784	0.0017069
all	187	3915	2260784	0.0017317
all	188	3617	2260784	0.0015999
all	189	3789	2260784	0.0016760
all	190	3868	2260784	0.0017109
all	191	3761	2260784	0.0016636
all	192	3791	2260784	0.0016769
all	193	3881	2260784	0.0017167
all	194	3713	2260784	0.0016424
all	195	3779	2260784	0.0016715
all	196	3638	2260784	0.0016092
all	197	3801	2260784	0.0016813
all	198	3689	2260784	0.0016317
all	199	3607	2260784	0.0015955
all	200	3848	2260784	0.0017021
all	201	3604	2260784	0.0015941
all	202	3696	2260784	0.0016348
all	203	3595	2260784	0.0015902
all	204	3551	2260784	0.0015707
all	205	3870	2260784	0.0017118
all	206	3651	2260784	0.0016149
all	207	3655	2260784	0.0016167
all	208	3656	2260784	0.0016171
all	209	3773	2260784	0.0016689
all	210	3665	2260784	0.0016211
all	211	3734	2260784	0.0016516
all	212	3593	2260784	0.0015893
all	213	3822	2260784	0.0016906
all	214	3525	2260784	0.0015592
all	215	3640	2260784	0.0016101
all	216	3603	2260784	0.0015937
all	217	3559	2260784	0.0015742
all	218	3688	2260784	0.0016313
all	219	3569	2260784	0.0015787
all	220	3575	2260784	0.0015813
all	221	3585	2260784	0.0015857
all	222	3552	2260784	0.0015711
all	223	3521	2260784	0.0015574
all	224	3627	2260784	0.0016043
all	225	3416	2260784	0.0015110
all	226	3681	2260784	0.0016282
all	227	3522	2260784	0.0015579
all	228	3513	2260784	0.0015539
all	229	3503	2260784	0.0015495
all	230	3358	2260784	0.0014853
all	231	3507	2260784	0.0015512
all	232	3432	2260784	0.0015181
all	233	3383	2260784	0.0014964
all	234	3291	2260784	0.0014557
all	235	3466	2260784	0.0015331
all	236	3351	2260784	0.0014822
all	237	3334	2260784	0.0014747
all	238	3288	2260784	0.0014544
all	239	3251	2260784	0.0014380
all	240	3374	2260784	0.0014924
all	241	3266	2260784	0.0014446
all	242	3231	2260784	0.0014292
all	243	3185	2260784	0.0014088
all	244	3162	2260784	0.0013986
all	245	3169	2260784	0.0014017
all	246	3295	2260784	0.0014575
all	247	3229	2260784	0.0014283
all	248	3179	2260784	0.0014061
all	249	3163	2260784	0.0013991
all	250	3188	2260784	0.0014101
all	251	3139	2260784	0.0013885
all	252	3170	2260784	0.0014022
all	253	3102	2260784	0.0013721
all	254	3093	2260784	0.0013681
all	255	3109	2260784	0.0013752
all	256	3111	2260784	0.0013761
all	257	3063	2260784	0.0013548
all	258	3062	2260784	0.0013544
all	259	3056	2260784	0.0013517
all	260	3029	2260784	0.0013398
all	261	3146	2260784	0.0013916
all	262	3116	2260784	0.0013783
all	263	3099	2260784	0.0013708
all	264	3113	2260784	0.0013770
all	265	3050	2260784	0.0013491
all	266	2941	2260784	0.0013009
all	267	3002	2260784	0.0013279
all	268	2994	2260784	0.0013243
all	269	2984	2260784	0.0013199
all	270	2922	2260784	0.0012925
all	271	3013	2260784	0.0013327
all	272	3047	2260784	0.0013478
all	273	2987	2260784	0.0013212
all	274	2822	2260784	0.0012482
all	275	2863	2260784	0.0012664
all	276	3036	2260784	0.0013429
all	277	2988	2260784	0.0013217
all	278	2827	2260784	0.0012505
all	279	2920	2260784	0.0012916
all	280	2936	2260784	0.0012987
all	281	2967	2260784	0.0013124
all	282	2878	2260784	0.0012730
all	283	2729	2260784	0.0012071
all	284	2856	2260784	0.0012633
all	285	2801	2260784	0.0012390
all	286	2921	2260784	0.0012920
all	287	2836	2260784	0.0012544
all	288	2864	2260784	0.0012668
all	289	2836	2260784	0.0012544
all	290	3045	2260784	0.0013469
all	291	2851	2260784	0.0012611
all	292	2785	2260784	0.0012319
all	293	2778	2260784	0.0012288
all	294	2738	2260784	0.0012111
all	295	2679	2260784	0.0011850
all	296	2750	2260784	0.0012164
all	297	2670	2260784	0.0011810
all	298	2659	2260784	0.0011761
all	299	2731	2260784	0.0012080
all	300	2724	2260784	0.0012049
all	301	2664	2260784	0.0011784
all	302	2653	2260784	0.0011735
all	303	2665	2260784	0.0011788
all	304	2717	2260784	0.0012018
all	305	2546	2260784	0.0011262
all	306	2683	2260784	0.0011868
all	307	2674	2260784	0.0011828
all	308	2599	2260784	0.0011496
all	309	2592	2260784	0.0011465
all	310	2624	2260784	0.0011607
all	311	2492	2260784	0.0011023
all	312	2526	2260784	0.0011173
all	313	2494	2260784	0.0011032
all	314	2529	2260784	0.0011186
all	315	2513	2260784	0.0011116
all	316	2567	2260784	0.0011354
all	317	2596	2260784	0.0011483
all	318	2598	2260784	0.0011492
all	319	2507	2260784	0.0011089
all	320	2439	2260784	0.0010788
all	321	2454	2260784	0.0010855
all	322	2418	2260784	0.0010695
all	323	2494	2260784	0.0011032
all	324	2463	2260784	0.0010894
all	325	2330	2260784	0.0010306
all	326	2337	2260784	0.0010337
all	327	2342	2260784	0.0010359
all	328	2432	2260784	0.0010757
all	329	2193	2260784	0.0009700
all	330	2221	2260784	0.0009824
all	331	2250	2260784	0.0009952
all	332	2344	2260784	0.0010368
all	333	2239	2260784	0.0009904
all	334	2303	2260784	0.0010187
all	335	2346	2260784	0.0010377
all	336	2198	2260784	0.0009722
all	337	2193	2260784	0.0009700
all	338	2250	2260784	0.0009952
all	339	2280	2260784	0.0010085
all	340	2446	2260784	0.0010819
all	341	2304	2260784	0.0010191
all	342	2385	2260784	0.0010549
all	343	2152	2260784	0.0009519
all	344	2419	2260784	0.0010700
all	345	2215	2260784	0.0009797
all	346	2194	2260784	0.0009705
all	347	2108	2260784	0.0009324
all	348	2113	2260784	0.0009346
all	349	2143	2260784	0.0009479
all	350	2165	2260784	0.0009576
all	351	2175	2260784	0.0009621
all	352	2210	2260784	0.0009775
all	353	2053	2260784	0.0009081
all	354	2050	2260784	0.0009068
all	355	2245	2260784	0.0009930
all	356	2001	2260784	0.0008851
all	357	2077	2260784	0.0009187
all	358	2151	2260784	0.0009514
all	359	2057	2260784	0.0009099
all	360	2080	2260784	0.0009200
all	361	2059	2260784	0.0009107
all	362	2226	2260784	0.0009846
all	363	2059	2260784	0.0009107
all	364	2065	2260784	0.0009134
all	365	2165	2260784	0.0009576
all	366	2117	2260784	0.0009364
all	367	2064	2260784	0.0009130
all	368	2114	2260784	0.0009351
all	369	2116	2260784	0.0009360
all	370	2139	2260784	0.0009461
all	371	2079	2260784	0.0009196
all	372	2090	2260784	0.0009245
all	373	2057	2260784	0.0009099
all	374	2070	2260784	0.0009156
all	375	2051	2260784	0.0009072
all	376	2154	2260784	0.0009528
all	377	2067	2260784	0.0009143
all	378	2126	2260784	0.0009404
all	379	1989	2260784	0.0008798
all	380	2016	2260784	0.0008917
all	381	2172	2260784	0.0009607
all	382	1998	2260784	0.0008838
all	383	1915	2260784	0.0008471
all	384	1883	2260784	0.0008329
all	385	1893	2260784	0.0008373
all	386	1908	2260784	0.0008440
all	387	1912	2260784	0.0008457
all	388	2019	2260784	0.0008931
all	389	1858	2260784	0.0008218
all	390	1818	2260784	0.0008041
all	391	1847	2260784	0.0008170
all	392	1836	2260784	0.0008121
all	393	1884	2260784	0.0008333
all	394	1969	2260784	0.0008709
all	395	1818	2260784	0.0008041
all	396	1914	2260784	0.0008466
all	397	1957	2260784	0.0008656
all	398	1849	2260784	0.0008179
all	399	1766	2260784	0.0007811
all	400	1754	2260784	0.0007758
all	401	1651	2260784	0.0007303
all	402	1811	2260784	0.0008010
all	403	1716	2260784	0.0007590
all	404	1727	2260784	0.0007639
all	405	1735	2260784	0.0007674
all	406	1713	2260784	0.0007577
all	407	1683	2260784	0.0007444
all	408	1714	2260784	0.0007581
all	409	1743	2260784	0.0007710
all	410	1769	2260784	0.0007825
all	411	1812	2260784	0.0008015
all	412	1812	2260784	0.0008015
all	413	1789	2260784	0.0007913
all	414	1750	2260784	0.0007741
all	415	1721	2260784	0.0007612
all	416	1650	2260784	0.0007298
all	417	1695	2260784	0.0007497
all	418	1767	2260784	0.0007816
all	419	1745	2260784	0.0007719
all	420	1707	2260784	0.0007550
all	421	1723	2260784	0.0007621
all	422	1606	2260784	0.0007104
all	423	1677	2260784	0.0007418
all	424	1556	2260784	0.0006883
all	425	1609	2260784	0.0007117
all	426	1656	2260784	0.0007325
all	427	1603	2260784	0.0007090
all	428	1632	2260784	0.0007219
all	429	1502	2260784	0.0006644
all	430	1671	2260784	0.0007391
all	431	1511	2260784	0.0006684
all	432	1540	2260784	0.0006812
all	433	1605	2260784	0.0007099
all	434	1486	2260784	0.0006573
all	435	1621	2260784	0.0007170
all	436	1493	2260784	0.0006604
all	437	1595	2260784	0.0007055
all	438	1545	2260784	0.0006834
all	439	1412	2260784	0.0006246
all	440	1511	2260784	0.0006684
all	441	1445	2260784	0.0006392
all	442	1556	2260784	0.0006883
all	443	1415	2260784	0.0006259
all	444	1548	2260784	0.0006847
all	445	1516	2260784	0.0006706
all	446	1493	2260784	0.0006604
all	447	1523	2260784	0.0006737
all	448	1490	2260784	0.0006591
all	449	1495	2260784	0.0006613
all	450	1456	2260784	0.0006440
all	451	1509	2260784	0.0006675
all	452	1337	2260784	0.0005914
all	453	1483	2260784	0.0006560
all	454	1391	2260784	0.0006153
all	455	1350	2260784	0.0005971
all	456	1384	2260784	0.0006122
all	457	1276	2260784	0.0005644
all	458	1309	2260784	0.0005790
all	459	1336	2260784	0.0005909
all	460	1322	2260784	0.0005848
all	461	1294	2260784	0.0005724
all	462	1372	2260784	0.0006069
all	463	1327	2260784	0.0005870
all	464	1223	2260784	0.0005410
all	465	1337	2260784	0.0005914
all	466	1280	2260784	0.0005662
all	467	1368	2260784	0.0006051
all	468	1290	2260784	0.0005706
all	469	1362	2260784	0.0006024
all	470	1276	2260784	0.0005644
all	471	1329	2260784	0.0005878
all	472	1294	2260784	0.0005724
all	473	1232	2260784	0.0005449
all	474	1258	2260784	0.0005564
all	475	1179	2260784	0.0005215
all	476	1192	2260784	0.0005273
all	477	1106	2260784	0.0004892
all	478	1173	2260784	0.0005188
all	479	1173	2260784	0.0005188
all	480	1130	2260784	0.0004998
all	481	1126	2260784	0.0004981
all	482	1199	2260784	0.0005303
all	483	1147	2260784	0.0005073
all	484	1180	2260784	0.0005219
all	485	1042	2260784	0.0004609
all	486	1200	2260784	0.0005308
all	487	1118	2260784	0.0004945
all	488	1118	2260784	0.0004945
all	489	1122	2260784	0.0004963
all	490	1052	2260784	0.0004653
all	491	1007	2260784	0.0004454
all	492	1117	2260784	0.0004941
all	493	1053	2260784	0.0004658
all	494	1087	2260784	0.0004808
all	495	1160	2260784	0.0005131
all	496	1143	2260784	0.0005056
all	497	1074	2260784	0.0004751
all	498	1058	2260784	0.0004680
all	499	1013	2260784	0.0004481
all	500	1052	2260784	0.0004653
all	501	1071	2260784	0.0004737
all	502	1027	2260784	0.0004543
all	503	997	2260784	0.0004410
all	504	1055	2260784	0.0004667
all	505	1095	2260784	0.0004843
all	506	1088	2260784	0.0004812
all	507	968	2260784	0.0004282
all	508	1116	2260784	0.0004936
all	509	1127	2260784	0.0004985
all	510	1043	2260784	0.0004613
all	511	1044	2260784	0.0004618
all	512	1064	2260784	0.0004706
all	513	1155	2260784	0.0005109
all	514	1134	2260784	0.0005016
all	515	1067	2260784	0.0004720
all	516	1069	2260784	0.0004728
all	517	1040	2260784	0.0004600
all	518	1002	2260784	0.0004432
all	519	1056	2260784	0.0004671
all	520	1088	2260784	0.0004812
all	521	1086	2260784	0.0004804
all	522	1055	2260784	0.0004667
all	523	1001	2260784	0.0004428
all	524	973	2260784	0.0004304
all	525	980	2260784	0.0004335
all	526	1005	2260784	0.0004445
all	527	1022	2260784	0.0004521
all	528	952	2260784	0.0004211
all	529	1061	2260784	0.0004693
all	530	995	2260784	0.0004401
all	531	957	2260784	0.0004233
all	532	939	2260784	0.0004153
all	533	988	2260784	0.0004370
all	534	932	2260784	0.0004122
all	535	912	2260784	0.0004034
all	536	890	2260784	0.0003937
all	537	903	2260784	0.0003994
all	538	915	2260784	0.0004047
all	539	966	2260784	0.0004273
all	540	938	2260784	0.0004149
all	541	926	2260784	0.0004096
all	542	903	2260784	0.0003994
all	543	902	2260784	0.0003990
all	544	907	2260784	0.0004012
all	545	799	2260784	0.0003534
all	546	854	2260784	0.0003777
all	547	927	2260784	0.0004100
all	548	875	2260784	0.0003870
all	549	925	2260784	0.0004092
all	550	819	2260784	0.0003623
all	551	801	2260784	0.0003543
all	552	863	2260784	0.0003817
all	553	832	2260784	0.0003680
all	554	804	2260784	0.0003556
all	555	913	2260784	0.0004038
all	556	860	2260784	0.0003804
all	557	893	2260784	0.0003950
all	558	846	2260784	0.0003742
all	559	722	2260784	0.0003194
all	560	844	2260784	0.0003733
all	561	837	2260784	0.0003702
all	562	717	2260784	0.0003171
all	563	826	2260784	0.0003654
all	564	740	2260784	0.0003273
all	565	805	2260784	0.0003561
all	566	784	2260784	0.0003468
all	567	765	2260784	0.0003384
all	568	736	2260784	0.0003256
all	569	768	2260784	0.0003397
all	570	671	2260784	0.0002968
all	571	739	2260784	0.0003269
all	572	751	2260784	0.0003322
all	573	791	2260784	0.0003499
all	574	663	2260784	0.0002933
all	575	681	2260784	0.0003012
all	576	732	2260784	0.0003238
all	577	745	2260784	0.0003295
all	578	715	2260784	0.0003163
all	579	654	2260784	0.0002893
all	580	754	2260784	0.0003335
all	581	778	2260784	0.0003441
all	582	765	2260784	0.0003384
all	583	723	2260784	0.0003198
all	584	713	2260784	0.0003154
all	585	728	2260784	0.0003220
all	586	685	2260784	0.0003030
all	587	685	2260784	0.0003030
all	588	658	2260784	0.0002910
all	589	714	2260784	0.0003158
all	590	649	2260784	0.0002871
all	591	717	2260784	0.0003171
all	592	637	2260784	0.0002818
all	593	607	2260784	0.0002685
all	594	625	2260784	0.0002765
all	595	644	2260784	0.0002849
all	596	691	2260784	0.0003056
all	597	717	2260784	0.0003171
all	598	651	2260784	0.0002880
all	599	661	2260784	0.0002924
all	600	695	2260784	0.0003074
all	601	637	2260784	0.0002818
all	602	601	2260784	0.0002658
all	603	622	2260784	0.0002751
all	604	608	2260784	0.0002689
all	605	661	2260784	0.0002924
all	606	608	2260784	0.0002689
all	607	644	2260784	0.0002849
all	608	681	2260784	0.0003012
all	609	582	2260784	0.0002574
all	610	596	2260784	0.0002636
all	611	561	2260784	0.0002481
all	612	559	2260784	0.0002473
all	613	534	2260784	0.0002362
all	614	553	2260784	0.0002446
all	615	528	2260784	0.0002335
all	616	578	2260784	0.0002557
all	617	529	2260784	0.0002340
all	618	535	2260784	0.0002366
all	619	528	2260784	0.0002335
all	620	551	2260784	0.0002437
all	621	491	2260784	0.0002172
all	622	504	2260784	0.0002229
all	623	645	2260784	0.0002853
all	624	544	2260784	0.0002406
all	625	564	2260784	0.0002495
all	626	562	2260784	0.0002486
all	627	517	2260784	0.0002287
all	628	516	2260784	0.0002282
all	629	522	2260784	0.0002309
all	630	517	2260784	0.0002287
all	631	519	2260784	0.0002296
all	632	512	2260784	0.0002265
all	633	535	2260784	0.0002366
all	634	461	2260784	0.0002039
all	635	492	2260784	0.0002176
all	636	515	2260784	0.0002278
all	637	481	2260784	0.0002128
all	638	432	2260784	0.0001911
all	639	529	2260784	0.0002340
all	640	449	2260784	0.0001986
all	641	509	2260784	0.0002251
all	642	429	2260784	0.0001898
all	643	400	2260784	0.0001769
all	644	430	2260784	0.0001902
all	645	467	2260784	0.0002066
all	646	431	2260784	0.0001906
all	647	502	2260784	0.0002220
all	648	434	2260784	0.0001920
all	649	466	2260784	0.0002061
all	650	405	2260784	0.0001791
all	651	514	2260784	0.0002274
all	652	427	2260784	0.0001889
all	653	433	2260784	0.0001915
all	654	429	2260784	0.0001898
all	655	435	2260784	0.0001924
all	656	423	2260784	0.0001871
all	657	409	2260784	0.0001809
all	658	454	2260784	0.0002008
all	659	446	2260784	0.0001973
all	660	422	2260784	0.0001867
all	661	420	2260784	0.0001858
all	662	459	2260784	0.0002030
all	663	380	2260784	0.0001681
all	664	410	2260784	0.0001814
all	665	408	2260784	0.0001805
all	666	367	2260784	0.0001623
all	667	379	2260784	0.0001676
all	668	314	2260784	0.0001389
all	669	408	2260784	0.0001805
all	670	438	2260784	0.0001937
all	671	363	2260784	0.0001606
all	672	346	2260784	0.0001530
all	673	391	2260784	0.0001729
all	674	384	2260784	0.0001699
all	675	371	2260784	0.0001641
all	676	469	2260784	0.0002075
all	677	392	2260784	0.0001734
all	678	410	2260784	0.0001814
all	679	374	2260784	0.0001654
all	680	342	2260784	0.0001513
all	681	358	2260784	0.0001584
all	682	342	2260784	0.0001513
all	683	308	2260784	0.0001362
all	684	360	2260784	0.0001592
all	685	393	2260784	0.0001738
all	686	361	2260784	0.0001597
all	687	347	2260784	0.0001535
all	688	422	2260784	0.0001867
all	689	345	2260784	0.0001526
all	690	386	2260784	0.0001707
all	691	371	2260784	0.0001641
all	692	354	2260784	0.0001566
all	693	374	2260784	0.0001654
all	694	383	2260784	0.0001694
all	695	401	2260784	0.0001774
all	696	452	2260784	0.0001999
all	697	401	2260784	0.0001774
all	698	364	2260784	0.0001610
all	699	384	2260784	0.0001699
all	700	368	2260784	0.0001628
all	701	338	2260784	0.0001495
all	702	364	2260784	0.0001610
all	703	390	2260784	0.0001725
all	704	371	2260784	0.0001641
all	705	335	2260784	0.0001482
all	706	360	2260784	0.0001592
all	707	338	2260784	0.0001495
all	708	320	2260784	0.0001415
all	709	344	2260784	0.0001522
all	710	317	2260784	0.0001402
all	711	349	2260784	0.0001544
all	712	365	2260784	0.0001614
all	713	321	2260784	0.0001420
all	714	366	2260784	0.0001619
all	715	368	2260784	0.0001628
all	716	338	2260784	0.0001495
all	717	312	2260784	0.0001380
all	718	308	2260784	0.0001362
all	719	291	2260784	0.0001287
all	720	294	2260784	0.0001300
all	721	327	2260784	0.0001446
all	722	369	2260784	0.0001632
all	723	363	2260784	0.0001606
all	724	299	2260784	0.0001323
all	725	323	2260784	0.0001429
all	726	335	2260784	0.0001482
all	727	301	2260784	0.0001331
all	728	333	2260784	0.0001473
all	729	333	2260784	0.0001473
all	730	306	2260784	0.0001354
all	731	306	2260784	0.0001354
all	732	363	2260784	0.0001606
all	733	345	2260784	0.0001526
all	734	383	2260784	0.0001694
all	735	315	2260784	0.0001393
all	736	360	2260784	0.0001592
all	737	281	2260784	0.0001243
all	738	274	2260784	0.0001212
all	739	302	2260784	0.0001336
all	740	311	2260784	0.0001376
all	741	275	2260784	0.0001216
all	742	246	2260784	0.0001088
all	743	257	2260784	0.0001137
all	744	277	2260784	0.0001225
all	745	293	2260784	0.0001296
all	746	236	2260784	0.0001044
all	747	267	2260784	0.0001181
all	748	236	2260784	0.0001044
all	749	263	2260784	0.0001163
all	750	281	2260784	0.0001243
all	751	281	2260784	0.0001243
all	752	259	2260784	0.0001146
all	753	238	2260784	0.0001053
all	754	230	2260784	0.0001017
all	755	240	2260784	0.0001062
all	756	246	2260784	0.0001088
all	757	239	2260784	0.0001057
all	758	221	2260784	0.0000978
all	759	226	2260784	0.0001000
all	760	217	2260784	0.0000960
all	761	218	2260784	0.0000964
all	762	202	2260784	0.0000893
all	763	195	2260784	0.0000863
all	764	224	2260784	0.0000991
all	765	212	2260784	0.0000938
all	766	192	2260784	0.0000849
all	767	224	2260784	0.0000991
all	768	184	2260784	0.0000814
all	769	224	2260784	0.0000991
all	770	239	2260784	0.0001057
all	771	211	2260784	0.0000933
all	772	224	2260784	0.0000991
all	773	211	2260784	0.0000933
all	774	194	2260784	0.0000858
all	775	211	2260784	0.0000933
all	776	176	2260784	0.0000778
all	777	188	2260784	0.0000832
all	778	207	2260784	0.0000916
all	779	193	2260784	0.0000854
all	780	193	2260784	0.0000854
all	781	203	2260784	0.0000898
all	782	176	2260784	0.0000778
all	783	188	2260784	0.0000832
all	784	213	2260784	0.0000942
all	785	199	2260784	0.0000880
all	786	177	2260784	0.0000783
all	787	200	2260784	0.0000885
all	788	203	2260784	0.0000898
all	789	185	2260784	0.0000818
all	790	171	2260784	0.0000756
all	791	188	2260784	0.0000832
all	792	165	2260784	0.0000730
all	793	191	2260784	0.0000845
all	794	182	2260784	0.0000805
all	795	134	2260784	0.0000593
all	796	210	2260784	0.0000929
all	797	182	2260784	0.0000805
all	798	172	2260784	0.0000761
all	799	152	2260784	0.0000672
all	800	148	2260784	0.0000655
all	801	175	2260784	0.0000774
all	802	166	2260784	0.0000734
all	803	151	2260784	0.0000668
all	804	140	2260784	0.0000619
all	805	144	2260784	0.0000637
all	806	168	2260784	0.0000743
all	807	148	2260784	0.0000655
all	808	152	2260784	0.0000672
all	809	160	2260784	0.0000708
all	810	150	2260784	0.0000663
all	811	147	2260784	0.0000650
all	812	126	2260784	0.0000557
all	813	126	2260784	0.0000557
all	814	141	2260784	0.0000624
all	815	135	2260784	0.0000597
all	816	128	2260784	0.0000566
all	817	139	2260784	0.0000615
all	818	137	2260784	0.0000606
all	819	146	2260784	0.0000646
all	820	145	2260784	0.0000641
all	821	130	2260784	0.0000575
all	822	125	2260784	0.0000553
all	823	159	2260784	0.0000703
all	824	130	2260784	0.0000575
all	825	152	2260784	0.0000672
all	826	124	2260784	0.0000548
all	827	131	2260784	0.0000579
all	828	117	2260784	0.0000518
all	829	110	2260784	0.0000487
all	830	112	2260784	0.0000495
all	831	121	2260784	0.0000535
all	832	139	2260784	0.0000615
all	833	119	2260784	0.0000526
all	834	169	2260784	0.0000748
all	835	139	2260784	0.0000615
all	836	114	2260784	0.0000504
all	837	141	2260784	0.0000624
all	838	102	2260784	0.0000451
all	839	126	2260784	0.0000557
all	840	90	2260784	0.0000398
all	841	141	2260784	0.0000624
all	842	106	2260784	0.0000469
all	843	119	2260784	0.0000526
all	844	122	2260784	0.0000540
all	845	98	2260784	0.0000433
all	846	94	2260784	0.0000416
all	847	103	2260784	0.0000456
all	848	124	2260784	0.0000548
all	849	109	2260784	0.0000482
all	850	89	2260784	0.0000394
all	851	94	2260784	0.0000416
all	852	110	2260784	0.0000487
all	853	143	2260784	0.0000633
all	854	109	2260784	0.0000482
all	855	84	2260784	0.0000372
all	856	95	2260784	0.0000420
all	857	117	2260784	0.0000518
all	858	87	2260784	0.0000385
all	859	102	2260784	0.0000451
all	860	97	2260784	0.0000429
all	861	85	2260784	0.0000376
all	862	88	2260784	0.0000389
all	863	83	2260784	0.0000367
all	864	106	2260784	0.0000469
all	865	107	2260784	0.0000473
all	866	90	2260784	0.0000398
all	867	137	2260784	0.0000606
all	868	111	2260784	0.0000491
all	869	123	2260784	0.0000544
all	870	116	2260784	0.0000513
all	871	120	2260784	0.0000531
all	872	100	2260784	0.0000442
all	873	80	2260784	0.0000354
all	874	107	2260784	0.0000473
all	875	105	2260784	0.0000464
all	876	98	2260784	0.0000433
all	877	100	2260784	0.0000442
all	878	78	2260784	0.0000345
all	879	82	2260784	0.0000363
all	880	87	2260784	0.0000385
all	881	103	2260784	0.0000456
all	882	76	2260784	0.0000336
all	883	86	2260784	0.0000380
all	884	85	2260784	0.0000376
all	885	83	2260784	0.0000367
all	886	87	2260784	0.0000385
all	887	81	2260784	0.0000358
all	888	77	2260784	0.0000341
all	889	124	2260784	0.0000548
all	890	93	2260784	0.0000411
all	891	84	2260784	0.0000372
all	892	74	2260784	0.0000327
all	893	90	2260784	0.0000398
all	894	70	2260784	0.0000310
all	895	101	2260784	0.0000447
all	896	88	2260784	0.0000389
all	897	91	2260784	0.0000403
all	898	92	2260784	0.0000407
all	899	81	2260784	0.0000358
all	900	78	2260784	0.0000345
all	901	68	2260784	0.0000301
all	902	77	2260784	0.0000341
all	903	94	2260784	0.0000416
all	904	84	2260784	0.0000372
all	905	82	2260784	0.0000363
all	906	93	2260784	0.0000411
all	907	58	2260784	0.0000257
all	908	77	2260784	0.0000341
all	909	88	2260784	0.0000389
all	910	83	2260784	0.0000367
all	911	82	2260784	0.0000363
all	912	86	2260784	0.0000380
all	913	58	2260784	0.0000257
all	914	77	2260784	0.0000341
all	915	81	2260784	0.0000358
all	916	61	2260784	0.0000270
all	917	88	2260784	0.0000389
all	918	73	2260784	0.0000323
all	919	52	2260784	0.0000230
all	920	65	2260784	0.0000288
all	921	60	2260784	0.0000265
all	922	69	2260784	0.0000305
all	923	72	2260784	0.0000318
all	924	66	2260784	0.0000292
all	925	68	2260784	0.0000301
all	926	78	2260784	0.0000345
all	927	54	2260784	0.0000239
all	928	57	2260784	0.0000252
all	929	73	2260784	0.0000323
all	930	51	2260784	0.0000226
all	931	79	2260784	0.0000349
all	932	56	2260784	0.0000248
all	933	77	2260784	0.0000341
all	934	69	2260784	0.0000305
all	935	54	2260784	0.0000239
all	936	73	2260784	0.0000323
all	937	70	2260784	0.0000310
all	938	68	2260784	0.0000301
all	939	49	2260784	0.0000217
all	940	38	2260784	0.0000168
all	941	60	2260784	0.0000265
all	942	45	2260784	0.0000199
all	943	44	2260784	0.0000195
all	944	64	2260784	0.0000283
all	945	58	2260784	0.0000257
all	946	34	2260784	0.0000150
all	947	35	2260784	0.0000155
all	948	44	2260784	0.0000195
all	949	41	2260784	0.0000181
all	950	49	2260784	0.0000217
all	951	46	2260784	0.0000203
all	952	36	2260784	0.0000159
all	953	55	2260784	0.0000243
all	954	39	2260784	0.0000173
all	955	50	2260784	0.0000221
all	956	41	2260784	0.0000181
all	957	35	2260784	0.0000155
all	958	41	2260784	0.0000181
all	959	34	2260784	0.0000150
all	960	45	2260784	0.0000199
all	961	42	2260784	0.0000186
all	962	42	2260784	0.0000186
all	963	45	2260784	0.0000199
all	964	53	2260784	0.0000234
all	965	36	2260784	0.0000159
all	966	40	2260784	0.0000177
all	967	25	2260784	0.0000111
all	968	37	2260784	0.0000164
all	969	30	2260784	0.0000133
all	970	45	2260784	0.0000199
all	971	39	2260784	0.0000173
all	972	43	2260784	0.0000190
all	973	31	2260784	0.0000137
all	974	36	2260784	0.0000159
all	975	38	2260784	0.0000168
all	976	45	2260784	0.0000199
all	977	38	2260784	0.0000168
all	978	29	2260784	0.0000128
all	979	45	2260784	0.0000199
all	980	35	2260784	0.0000155
all	981	37	2260784	0.0000164
all	982	43	2260784	0.0000190
all	983	33	2260784	0.0000146
all	984	55	2260784	0.0000243
all	985	16	2260784	0.0000071
all	986	26	2260784	0.0000115
all	987	48	2260784	0.0000212
all	988	31	2260784	0.0000137
all	989	41	2260784	0.0000181
all	990	31	2260784	0.0000137
all	991	30	2260784	0.0000133
all	992	34	2260784	0.0000150
all	993	36	2260784	0.0000159
all	994	35	2260784	0.0000155
all	995	37	2260784	0.0000164
all	996	33	2260784	0.0000146
all	997	39	2260784	0.0000173
all	998	36	2260784	0.0000159
all	999	25	2260784	0.0000111
all	1000	21	2260784	0.0000093
all	1001	21	2260784	0.0000093
all	1002	20	2260784	0.0000088
all	1003	29	2260784	0.0000128
all	1004	31	2260784	0.0000137
all	1005	23	2260784	0.0000102
all	1006	29	2260784	0.0000128
all	1007	31	2260784	0.0000137
all	1008	19	2260784	0.0000084
all	1009	28	2260784	0.0000124
all	1010	31	2260784	0.0000137
all	1011	22	2260784	0.0000097
all	1012	30	2260784	0.0000133
all	1013	23	2260784	0.0000102
all	1014	24	2260784	0.0000106
all	1015	19	2260784	0.0000084
all	1016	18	2260784	0.0000080
all	1017	28	2260784	0.0000124
all	1018	31	2260784	0.0000137
all	1019	26	2260784	0.0000115
all	1020	32	2260784	0.0000142
all	1021	10	2260784	0.0000044
all	1022	13	2260784	0.0000058
all	1023	13	2260784	0.0000058
all	1024	16	2260784	0.0000071
all	1025	8	2260784	0.0000035
all	1026	9	2260784	0.0000040
all	1027	22	2260784	0.0000097
all	1028	8	2260784	0.0000035
all	1029	24	2260784	0.0000106
all	1030	14	2260784	0.0000062
all	1031	19	2260784	0.0000084
all	1032	14	2260784	0.0000062
all	1033	27	2260784	0.0000119
all	1034	26	2260784	0.0000115
all	1035	21	2260784	0.0000093
all	1036	24	2260784	0.0000106
all	1037	13	2260784	0.0000058
all	1038	11	2260784	0.0000049
all	1039	12	2260784	0.0000053
all	1040	11	2260784	0.0000049
all	1041	20	2260784	0.0000088
all	1042	16	2260784	0.0000071
all	1043	33	2260784	0.0000146
all	1044	21	2260784	0.0000093
all	1045	23	2260784	0.0000102
all	1046	12	2260784	0.0000053
all	1047	14	2260784	0.0000062
all	1048	26	2260784	0.0000115
all	1049	21	2260784	0.0000093
all	1050	12	2260784	0.0000053
all	1051	21	2260784	0.0000093
all	1052	21	2260784	0.0000093
all	1053	12	2260784	0.0000053
all	1054	10	2260784	0.0000044
all	1055	22	2260784	0.0000097
all	1056	17	2260784	0.0000075
all	1057	12	2260784	0.0000053
all	1058	14	2260784	0.0000062
all	1059	15	2260784	0.0000066
all	1060	13	2260784	0.0000058
all	1061	17	2260784	0.0000075
all	1062	21	2260784	0.0000093
all	1063	12	2260784	0.0000053
all	1064	13	2260784	0.0000058
all	1065	11	2260784	0.0000049
all	1066	13	2260784	0.0000058
all	1067	18	2260784	0.0000080
all	1068	13	2260784	0.0000058
all	1069	19	2260784	0.0000084
all	1070	3	2260784	0.0000013
all	1071	24	2260784	0.0000106
all	1072	13	2260784	0.0000058
all	1073	22	2260784	0.0000097
all	1074	21	2260784	0.0000093
all	1075	11	2260784	0.0000049
all	1076	17	2260784	0.0000075
all	1077	14	2260784	0.0000062
all	1078	19	2260784	0.0000084
all	1079	25	2260784	0.0000111
all	1080	21	2260784	0.0000093
all	1081	23	2260784	0.0000102
all	1082	9	2260784	0.0000040
all	1083	8	2260784	0.0000035
all	1084	7	2260784	0.0000031
all	1085	15	2260784	0.0000066
all	1086	13	2260784	0.0000058
all	1087	18	2260784	0.0000080
all	1088	5	2260784	0.0000022
all	1089	14	2260784	0.0000062
all	1090	9	2260784	0.0000040
all	1091	17	2260784	0.0000075
all	1092	13	2260784	0.0000058
all	1093	15	2260784	0.0000066
all	1094	15	2260784	0.0000066
all	1095	14	2260784	0.0000062
all	1096	15	2260784	0.0000066
all	1097	3	2260784	0.0000013
all	1098	9	2260784	0.0000040
all	1099	11	2260784	0.0000049
all	1100	12	2260784	0.0000053
all	1101	12	2260784	0.0000053
all	1102	8	2260784	0.0000035
all	1103	10	2260784	0.0000044
all	1104	7	2260784	0.0000031
all	1105	9	2260784	0.0000040
all	1106	10	2260784	0.0000044
all	1107	21	2260784	0.0000093
all	1108	8	2260784	0.0000035
all	1109	17	2260784	0.0000075
all	1110	13	2260784	0.0000058
all	1111	14	2260784	0.0000062
all	1112	15	2260784	0.0000066
all	1113	11	2260784	0.0000049
all	1114	10	2260784	0.0000044
all	1115	18	2260784	0.0000080
all	1116	8	2260784	0.0000035
all	1117	23	2260784	0.0000102
all	1118	8	2260784	0.0000035
all	1119	4	2260784	0.0000018
all	1120	14	2260784	0.0000062
all	1121	16	2260784	0.0000071
all	1122	9	2260784	0.0000040
all	1123	15	2260784	0.0000066
all	1124	11	2260784	0.0000049
all	1125	18	2260784	0.0000080
all	1126	2	2260784	0.0000009
all	1127	12	2260784	0.0000053
all	1128	8	2260784	0.0000035
all	1129	16	2260784	0.0000071
all	1130	20	2260784	0.0000088
all	1131	9	2260784	0.0000040
all	1132	9	2260784	0.0000040
all	1133	8	2260784	0.0000035
all	1134	8	2260784	0.0000035
all	1135	17	2260784	0.0000075
all	1136	19	2260784	0.0000084
all	1137	13	2260784	0.0000058
all	1138	15	2260784	0.0000066
all	1139	4	2260784	0.0000018
all	1140	7	2260784	0.0000031
all	1141	13	2260784	0.0000058
all	1142	6	2260784	0.0000027
all	1143	17	2260784	0.0000075
all	1144	26	2260784	0.0000115
all	1145	24	2260784	0.0000106
all	1146	14	2260784	0.0000062
all	1147	11	2260784	0.0000049
all	1148	12	2260784	0.0000053
all	1149	12	2260784	0.0000053
all	1150	17	2260784	0.0000075
all	1151	9	2260784	0.0000040
all	1152	9	2260784	0.0000040
all	1153	7	2260784	0.0000031
all	1154	8	2260784	0.0000035
all	1155	13	2260784	0.0000058
all	1156	12	2260784	0.0000053
all	1157	13	2260784	0.0000058
all	1158	6	2260784	0.0000027
all	1159	14	2260784	0.0000062
all	1160	13	2260784	0.0000058
all	1161	14	2260784	0.0000062
all	1162	8	2260784	0.0000035
all	1163	2	2260784	0.0000009
all	1164	6	2260784	0.0000027
all	1165	3	2260784	0.0000013
all	1166	5	2260784	0.0000022
all	1167	17	2260784	0.0000075
all	1168	12	2260784	0.0000053
all	1169	8	2260784	0.0000035
all	1170	11	2260784	0.0000049
all	1171	8	2260784	0.0000035
all	1172	11	2260784	0.0000049
all	1173	9	2260784	0.0000040
all	1174	7	2260784	0.0000031
all	1175	20	2260784	0.0000088
all	1176	10	2260784	0.0000044
all	1177	12	2260784	0.0000053
all	1178	10	2260784	0.0000044
all	1179	10	2260784	0.0000044
all	1180	17	2260784	0.0000075
all	1181	13	2260784	0.0000058
all	1182	19	2260784	0.0000084
all	1183	17	2260784	0.0000075
all	1184	13	2260784	0.0000058
all	1185	21	2260784	0.0000093
all	1186	16	2260784	0.0000071
all	1187	13	2260784	0.0000058
all	1188	4	2260784	0.0000018
all	1189	6	2260784	0.0000027
all	1190	12	2260784	0.0000053
all	1191	5	2260784	0.0000022
all	1192	18	2260784	0.0000080
all	1193	14	2260784	0.0000062
all	1194	17	2260784	0.0000075
all	1195	12	2260784	0.0000053
all	1196	10	2260784	0.0000044
all	1197	9	2260784	0.0000040
all	1198	13	2260784	0.0000058
all	1199	10	2260784	0.0000044
all	1200	12	2260784	0.0000053
all	1201	11	2260784	0.0000049
all	1202	8	2260784	0.0000035
all	1203	10	2260784	0.0000044
all	1204	8	2260784	0.0000035
all	1205	12	2260784	0.0000053
all	1206	16	2260784	0.0000071
all	1207	1	2260784	0.0000004
all	1208	16	2260784	0.0000071
all	1209	11	2260784	0.0000049
all	1210	15	2260784	0.0000066
all	1211	14	2260784	0.0000062
all	1212	14	2260784	0.0000062
all	1213	5	2260784	0.0000022
all	1214	22	2260784	0.0000097
all	1215	18	2260784	0.0000080
all	1216	8	2260784	0.0000035
all	1217	4	2260784	0.0000018
all	1218	10	2260784	0.0000044
all	1219	8	2260784	0.0000035
all	1220	7	2260784	0.0000031
all	1221	7	2260784	0.0000031
all	1222	8	2260784	0.0000035
all	1223	8	2260784	0.0000035
all	1224	5	2260784	0.0000022
all	1225	11	2260784	0.0000049
all	1226	15	2260784	0.0000066
all	1227	15	2260784	0.0000066
all	1228	3	2260784	0.0000013
all	1229	2	2260784	0.0000009
all	1230	12	2260784	0.0000053
all	1231	12	2260784	0.0000053
all	1232	14	2260784	0.0000062
all	1233	14	2260784	0.0000062
all	1234	16	2260784	0.0000071
all	1235	12	2260784	0.0000053
all	1236	10	2260784	0.0000044
all	1237	6	2260784	0.0000027
all	1238	17	2260784	0.0000075
all	1239	9	2260784	0.0000040
all	1240	7	2260784	0.0000031
all	1241	12	2260784	0.0000053
all	1242	5	2260784	0.0000022
all	1243	15	2260784	0.0000066
all	1244	9	2260784	0.0000040
all	1245	6	2260784	0.0000027
all	1246	5	2260784	0.0000022
all	1247	6	2260784	0.0000027
all	1248	8	2260784	0.0000035
all	1249	5	2260784	0.0000022
all	1250	8	2260784	0.0000035
all	1251	12	2260784	0.0000053
all	1252	11	2260784	0.0000049
all	1253	4	2260784	0.0000018
all	1254	7	2260784	0.0000031
all	1255	4	2260784	0.0000018
all	1256	9	2260784	0.0000040
all	1257	6	2260784	0.0000027
all	1258	8	2260784	0.0000035
all	1259	11	2260784	0.0000049
all	1260	4	2260784	0.0000018
all	1261	8	2260784	0.0000035
all	1262	6	2260784	0.0000027
all	1263	9	2260784	0.0000040
all	1264	6	2260784	0.0000027
all	1265	3	2260784	0.0000013
all	1266	4	2260784	0.0000018
all	1267	10	2260784	0.0000044
all	1268	9	2260784	0.0000040
all	1269	8	2260784	0.0000035
all	1270	10	2260784	0.0000044
all	1271	9	2260784	0.0000040
all	1272	13	2260784	0.0000058
all	1273	11	2260784	0.0000049
all	1274	6	2260784	0.0000027
all	1275	8	2260784	0.0000035
all	1276	7	2260784	0.0000031
all	1277	10	2260784	0.0000044
all	1278	11	2260784	0.0000049
all	1279	6	2260784	0.0000027
all	1280	11	2260784	0.0000049
all	1281	6	2260784	0.0000027
all	1282	2	2260784	0.0000009
all	1283	4	2260784	0.0000018
all	1284	2	2260784	0.0000009
all	1285	8	2260784	0.0000035
all	1286	9	2260784	0.0000040
all	1287	4	2260784	0.0000018
all	1288	7	2260784	0.0000031
all	1289	5	2260784	0.0000022
all	1290	9	2260784	0.0000040
all	1291	6	2260784	0.0000027
all	1292	3	2260784	0.0000013
all	1293	2	2260784	0.0000009
all	1294	9	2260784	0.0000040
all	1295	10	2260784	0.0000044
all	1296	5	2260784	0.0000022
all	1297	5	2260784	0.0000022
all	1298	11	2260784	0.0000049
all	1299	8	2260784	0.0000035
all	1300	5	2260784	0.0000022
all	1301	5	2260784	0.0000022
all	1302	1	2260784	0.0000004
all	1303	1	2260784	0.0000004
all	1304	8	2260784	0.0000035
all	1306	4	2260784	0.0000018
all	1307	4	2260784	0.0000018
all	1308	6	2260784	0.0000027
all	1309	12	2260784	0.0000053
all	1310	4	2260784	0.0000018
all	1311	9	2260784	0.0000040
all	1312	3	2260784	0.0000013
all	1313	8	2260784	0.0000035
all	1314	6	2260784	0.0000027
all	1316	4	2260784	0.0000018
all	1318	8	2260784	0.0000035
all	1319	7	2260784	0.0000031
all	1320	8	2260784	0.0000035
all	1322	8	2260784	0.0000035
all	1323	13	2260784	0.0000058
all	1324	5	2260784	0.0000022
all	1325	2	2260784	0.0000009
all	1326	5	2260784	0.0000022
all	1327	2	2260784	0.0000009
all	1328	6	2260784	0.0000027
all	1329	1	2260784	0.0000004
all	1330	4	2260784	0.0000018
all	1331	4	2260784	0.0000018
all	1332	8	2260784	0.0000035
all	1333	12	2260784	0.0000053
all	1334	3	2260784	0.0000013
all	1335	8	2260784	0.0000035
all	1336	11	2260784	0.0000049
all	1337	6	2260784	0.0000027
all	1338	6	2260784	0.0000027
all	1339	8	2260784	0.0000035
all	1340	10	2260784	0.0000044
all	1341	5	2260784	0.0000022
all	1342	6	2260784	0.0000027
all	1343	5	2260784	0.0000022
all	1344	1	2260784	0.0000004
all	1345	11	2260784	0.0000049
all	1346	5	2260784	0.0000022
all	1347	7	2260784	0.0000031
all	1348	4	2260784	0.0000018
all	1349	5	2260784	0.0000022
all	1350	4	2260784	0.0000018
all	1351	8	2260784	0.0000035
all	1352	3	2260784	0.0000013
all	1353	2	2260784	0.0000009
all	1354	6	2260784	0.0000027
all	1355	3	2260784	0.0000013
all	1356	6	2260784	0.0000027
all	1357	6	2260784	0.0000027
all	1358	2	2260784	0.0000009
all	1359	4	2260784	0.0000018
all	1360	9	2260784	0.0000040
all	1361	7	2260784	0.0000031
all	1363	1	2260784	0.0000004
all	1365	7	2260784	0.0000031
all	1366	6	2260784	0.0000027
all	1367	3	2260784	0.0000013
all	1368	3	2260784	0.0000013
all	1369	5	2260784	0.0000022
all	1370	4	2260784	0.0000018
all	1371	1	2260784	0.0000004
all	1372	5	2260784	0.0000022
all	1373	4	2260784	0.0000018
all	1374	4	2260784	0.0000018
all	1376	2	2260784	0.0000009
all	1377	2	2260784	0.0000009
all	1379	4	2260784	0.0000018
all	1380	6	2260784	0.0000027
all	1381	8	2260784	0.0000035
all	1382	1	2260784	0.0000004
all	1383	2	2260784	0.0000009
all	1384	4	2260784	0.0000018
all	1386	2	2260784	0.0000009
all	1387	1	2260784	0.0000004
all	1388	6	2260784	0.0000027
all	1389	10	2260784	0.0000044
all	1390	4	2260784	0.0000018
all	1391	2	2260784	0.0000009
all	1392	7	2260784	0.0000031
all	1393	3	2260784	0.0000013
all	1394	3	2260784	0.0000013
all	1395	5	2260784	0.0000022
all	1396	8	2260784	0.0000035
all	1397	4	2260784	0.0000018
all	1398	2	2260784	0.0000009
all	1399	5	2260784	0.0000022
all	1400	1	2260784	0.0000004
all	1401	1	2260784	0.0000004
all	1402	2	2260784	0.0000009
all	1403	10	2260784	0.0000044
all	1404	4	2260784	0.0000018
all	1406	1	2260784	0.0000004
all	1407	2	2260784	0.0000009
all	1408	2	2260784	0.0000009
all	1409	1	2260784	0.0000004
all	1410	2	2260784	0.0000009
all	1411	6	2260784	0.0000027
all	1412	4	2260784	0.0000018
all	1413	1	2260784	0.0000004
all	1414	2	2260784	0.0000009
all	1415	3	2260784	0.0000013
all	1416	3	2260784	0.0000013
all	1417	2	2260784	0.0000009
all	1418	3	2260784	0.0000013
all	1419	2	2260784	0.0000009
all	1420	2	2260784	0.0000009
all	1421	1	2260784	0.0000004
all	1422	2	2260784	0.0000009
all	1423	2	2260784	0.0000009
all	1424	2	2260784	0.0000009
all	1425	2	2260784	0.0000009
all	1426	6	2260784	0.0000027
all	1427	4	2260784	0.0000018
all	1428	4	2260784	0.0000018
all	1429	4	2260784	0.0000018
all	1432	1	2260784	0.0000004
all	1433	5	2260784	0.0000022
all	1434	1	2260784	0.0000004
all	1435	3	2260784	0.0000013
all	1436	4	2260784	0.0000018
all	1437	3	2260784	0.0000013
all	1438	2	2260784	0.0000009
all	1439	2	2260784	0.0000009
all	1440	4	2260784	0.0000018
all	1441	3	2260784	0.0000013
all	1444	3	2260784	0.0000013
all	1446	2	2260784	0.0000009
all	1449	4	2260784	0.0000018
all	1450	1	2260784	0.0000004
all	1452	2	2260784	0.0000009
all	1453	4	2260784	0.0000018
all	1454	3	2260784	0.0000013
all	1455	4	2260784	0.0000018
all	1456	3	2260784	0.0000013
all	1457	9	2260784	0.0000040
all	1458	3	2260784	0.0000013
all	1459	1	2260784	0.0000004
all	1461	2	2260784	0.0000009
all	1462	2	2260784	0.0000009
all	1464	2	2260784	0.0000009
all	1465	5	2260784	0.0000022
all	1466	3	2260784	0.0000013
all	1467	2	2260784	0.0000009
all	1468	3	2260784	0.0000013
all	1469	4	2260784	0.0000018
all	1470	3	2260784	0.0000013
all	1471	4	2260784	0.0000018
all	1472	2	2260784	0.0000009
all	1476	4	2260784	0.0000018
all	1477	4	2260784	0.0000018
all	1478	2	2260784	0.0000009
all	1479	6	2260784	0.0000027
all	1480	5	2260784	0.0000022
all	1482	5	2260784	0.0000022
all	1483	7	2260784	0.0000031
all	1484	6	2260784	0.0000027
all	1485	4	2260784	0.0000018
all	1486	6	2260784	0.0000027
all	1487	6	2260784	0.0000027
all	1488	7	2260784	0.0000031
all	1489	2	2260784	0.0000009
all	1490	11	2260784	0.0000049
all	1491	9	2260784	0.0000040
all	1492	8	2260784	0.0000035
all	1493	4	2260784	0.0000018
all	1494	6	2260784	0.0000027
all	1495	8	2260784	0.0000035
all	1496	2	2260784	0.0000009
all	1497	6	2260784	0.0000027
all	1498	1	2260784	0.0000004
all	1499	2	2260784	0.0000009
all	1500	2	2260784	0.0000009
all	1501	7	2260784	0.0000031
all	1502	2	2260784	0.0000009
all	1503	2	2260784	0.0000009
all	1504	2	2260784	0.0000009
all	1505	2	2260784	0.0000009
all	1507	6	2260784	0.0000027
all	1508	6	2260784	0.0000027
all	1510	4	2260784	0.0000018
all	1511	3	2260784	0.0000013
all	1512	2	2260784	0.0000009
all	1513	4	2260784	0.0000018
all	1519	2	2260784	0.0000009
all	1520	1	2260784	0.0000004
all	1521	4	2260784	0.0000018
all	1522	1	2260784	0.0000004
all	1523	2	2260784	0.0000009
all	1524	1	2260784	0.0000004
all	1525	2	2260784	0.0000009
all	1526	4	2260784	0.0000018
all	1527	3	2260784	0.0000013
all	1529	4	2260784	0.0000018
all	1530	3	2260784	0.0000013
all	1532	6	2260784	0.0000027
all	1533	6	2260784	0.0000027
all	1536	3	2260784	0.0000013
all	1537	6	2260784	0.0000027
all	1538	2	2260784	0.0000009
all	1539	2	2260784	0.0000009
all	1540	2	2260784	0.0000009
all	1541	4	2260784	0.0000018
all	1542	5	2260784	0.0000022
all	1543	2	2260784	0.0000009
all	1545	2	2260784	0.0000009
all	1547	7	2260784	0.0000031
all	1548	2	2260784	0.0000009
all	1549	3	2260784	0.0000013
all	1550	2	2260784	0.0000009
all	1551	1	2260784	0.0000004
all	1552	2	2260784	0.0000009
all	1554	6	2260784	0.0000027
all	1555	1	2260784	0.0000004
all	1556	4	2260784	0.0000018
all	1557	5	2260784	0.0000022
all	1559	2	2260784	0.0000009
all	1560	2	2260784	0.0000009
all	1561	8	2260784	0.0000035
all	1562	1	2260784	0.0000004
all	1563	4	2260784	0.0000018
all	1564	6	2260784	0.0000027
all	1566	2	2260784	0.0000009
all	1567	3	2260784	0.0000013
all	1569	2	2260784	0.0000009
all	1570	1	2260784	0.0000004
all	1571	2	2260784	0.0000009
all	1572	3	2260784	0.0000013
all	1573	2	2260784	0.0000009
all	1575	2	2260784	0.0000009
all	1576	4	2260784	0.0000018
all	1578	1	2260784	0.0000004
all	1579	3	2260784	0.0000013
all	1581	9	2260784	0.0000040
all	1582	5	2260784	0.0000022
all	1583	2	2260784	0.0000009
all	1584	2	2260784	0.0000009
all	1586	1	2260784	0.0000004
all	1588	3	2260784	0.0000013
all	1589	2	2260784	0.0000009
all	1590	5	2260784	0.0000022
all	1591	3	2260784	0.0000013
all	1593	8	2260784	0.0000035
all	1595	3	2260784	0.0000013
all	1596	2	2260784	0.0000009
all	1597	4	2260784	0.0000018
all	1600	6	2260784	0.0000027
all	1602	2	2260784	0.0000009
all	1603	4	2260784	0.0000018
all	1604	2	2260784	0.0000009
all	1605	4	2260784	0.0000018
all	1606	4	2260784	0.0000018
all	1607	3	2260784	0.0000013
all	1608	3	2260784	0.0000013
all	1609	3	2260784	0.0000013
all	1610	9	2260784	0.0000040
all	1611	7	2260784	0.0000031
all	1612	1	2260784	0.0000004
all	1613	6	2260784	0.0000027
all	1614	6	2260784	0.0000027
all	1615	4	2260784	0.0000018
all	1617	6	2260784	0.0000027
all	1618	2	2260784	0.0000009
all	1619	1	2260784	0.0000004
all	1620	4	2260784	0.0000018
all	1621	1	2260784	0.0000004
all	1622	2	2260784	0.0000009
all	1623	1	2260784	0.0000004
all	1624	4	2260784	0.0000018
all	1626	2	2260784	0.0000009
all	1627	2	2260784	0.0000009
all	1628	2	2260784	0.0000009
all	1629	5	2260784	0.0000022
all	1630	6	2260784	0.0000027
all	1631	4	2260784	0.0000018
all	1632	4	2260784	0.0000018
all	1633	4	2260784	0.0000018
all	1634	5	2260784	0.0000022
all	1635	3	2260784	0.0000013
all	1637	6	2260784	0.0000027
all	1638	9	2260784	0.0000040
all	1641	3	2260784	0.0000013
all	1642	4	2260784	0.0000018
all	1643	2	2260784	0.0000009
all	1645	4	2260784	0.0000018
all	1646	4	2260784	0.0000018
all	1647	4	2260784	0.0000018
all	1648	3	2260784	0.0000013
all	1649	2	2260784	0.0000009
all	1650	1	2260784	0.0000004
all	1653	4	2260784	0.0000018
all	1654	2	2260784	0.0000009
all	1656	9	2260784	0.0000040
all	1660	2	2260784	0.0000009
all	1662	2	2260784	0.0000009
all	1663	5	2260784	0.0000022
all	1664	2	2260784	0.0000009
all	1665	2	2260784	0.0000009
all	1666	4	2260784	0.0000018
all	1667	2	2260784	0.0000009
all	1668	1	2260784	0.0000004
all	1669	2	2260784	0.0000009
all	1671	3	2260784	0.0000013
all	1672	2	2260784	0.0000009
all	1673	2	2260784	0.0000009
all	1674	2	2260784	0.0000009
all	1679	2	2260784	0.0000009
all	1680	2	2260784	0.0000009
all	1681	2	2260784	0.0000009
all	1683	1	2260784	0.0000004
all	1685	2	2260784	0.0000009
all	1686	1	2260784	0.0000004
all	1688	2	2260784	0.0000009
all	1690	2	2260784	0.0000009
all	1691	2	2260784	0.0000009
all	1692	2	2260784	0.0000009
all	1693	4	2260784	0.0000018
all	1694	1	2260784	0.0000004
all	1695	8	2260784	0.0000035
all	1696	2	2260784	0.0000009
all	1697	1	2260784	0.0000004
all	1698	2	2260784	0.0000009
all	1701	4	2260784	0.0000018
all	1704	2	2260784	0.0000009
all	1705	4	2260784	0.0000018
all	1706	1	2260784	0.0000004
all	1707	2	2260784	0.0000009
all	1709	8	2260784	0.0000035
all	1710	2	2260784	0.0000009
all	1711	1	2260784	0.0000004
all	1713	2	2260784	0.0000009
all	1714	2	2260784	0.0000009
all	1715	2	2260784	0.0000009
all	1717	2	2260784	0.0000009
all	1720	2	2260784	0.0000009
all	1724	2	2260784	0.0000009
all	1725	2	2260784	0.0000009
all	1728	1	2260784	0.0000004
all	1730	2	2260784	0.0000009
all	1733	2	2260784	0.0000009
all	1735	1	2260784	0.0000004
all	1736	4	2260784	0.0000018
all	1738	2	2260784	0.0000009
all	1739	4	2260784	0.0000018
all	1740	1	2260784	0.0000004
all	1742	2	2260784	0.0000009
all	1743	2	2260784	0.0000009
all	1744	2	2260784	0.0000009
all	1747	1	2260784	0.0000004
all	1748	2	2260784	0.0000009
all	1750	2	2260784	0.0000009
all	1756	1	2260784	0.0000004
all	1757	4	2260784	0.0000018
all	1758	3	2260784	0.0000013
all	1759	2	2260784	0.0000009
all	1760	1	2260784	0.0000004
all	1761	4	2260784	0.0000018
all	1764	4	2260784	0.0000018
all	1765	3	2260784	0.0000013
all	1767	3	2260784	0.0000013
all	1768	3	2260784	0.0000013
all	1773	2	2260784	0.0000009
all	1774	2	2260784	0.0000009
all	1775	3	2260784	0.0000013
all	1776	1	2260784	0.0000004
all	1777	1	2260784	0.0000004
all	1778	2	2260784	0.0000009
all	1779	2	2260784	0.0000009
all	1780	4	2260784	0.0000018
all	1781	3	2260784	0.0000013
all	1782	6	2260784	0.0000027
all	1784	3	2260784	0.0000013
all	1785	2	2260784	0.0000009
all	1786	2	2260784	0.0000009
all	1789	1	2260784	0.0000004
all	1793	1	2260784	0.0000004
all	1794	1	2260784	0.0000004
all	1797	2	2260784	0.0000009
all	1799	1	2260784	0.0000004
all	1802	1	2260784	0.0000004
all	1809	1	2260784	0.0000004
all	1813	1	2260784	0.0000004
all	1814	2	2260784	0.0000009
all	1815	1	2260784	0.0000004
all	1821	2	2260784	0.0000009
all	1823	1	2260784	0.0000004
all	1824	1	2260784	0.0000004
all	1828	1	2260784	0.0000004
all	1829	2	2260784	0.0000009
all	1835	1	2260784	0.0000004
all	1840	2	2260784	0.0000009
all	1843	1	2260784	0.0000004
all	1844	1	2260784	0.0000004
all	1846	1	2260784	0.0000004
all	1847	2	2260784	0.0000009
all	1848	2	2260784	0.0000009
all	1849	4	2260784	0.0000018
all	1850	1	2260784	0.0000004
all	1852	2	2260784	0.0000009
all	1853	2	2260784	0.0000009
all	1854	2	2260784	0.0000009
all	1855	2	2260784	0.0000009
all	1857	1	2260784	0.0000004
all	1858	5	2260784	0.0000022
all	1861	6	2260784	0.0000027
all	1862	2	2260784	0.0000009
all	1867	1	2260784	0.0000004
all	1869	2	2260784	0.0000009
all	1870	5	2260784	0.0000022
all	1871	2	2260784	0.0000009
all	1872	6	2260784	0.0000027
all	1874	2	2260784	0.0000009
all	1876	2	2260784	0.0000009
all	1880	1	2260784	0.0000004
all	1881	4	2260784	0.0000018
all	1882	1	2260784	0.0000004
all	1883	2	2260784	0.0000009
all	1884	2	2260784	0.0000009
all	1886	3	2260784	0.0000013
all	1890	6	2260784	0.0000027
all	1891	3	2260784	0.0000013
all	1894	4	2260784	0.0000018
all	1895	2	2260784	0.0000009
all	1896	2	2260784	0.0000009
all	1899	2	2260784	0.0000009
all	1900	1	2260784	0.0000004
all	1901	3	2260784	0.0000013
all	1902	1	2260784	0.0000004
all	1903	1	2260784	0.0000004
all	1904	3	2260784	0.0000013
all	1905	2	2260784	0.0000009
all	1906	1	2260784	0.0000004
all	1907	3	2260784	0.0000013
all	1913	2	2260784	0.0000009
all	1916	3	2260784	0.0000013
all	1918	3	2260784	0.0000013
all	1920	1	2260784	0.0000004
all	1921	2	2260784	0.0000009
all	1926	2	2260784	0.0000009
all	1927	1	2260784	0.0000004
all	1929	2	2260784	0.0000009
all	1930	3	2260784	0.0000013
all	1931	1	2260784	0.0000004
all	1936	1	2260784	0.0000004
all	1937	1	2260784	0.0000004
all	1947	2	2260784	0.0000009
all	1949	2	2260784	0.0000009
all	2008	2	2260784	0.0000009
all	2052	2	2260784	0.0000009
all	2090	2	2260784	0.0000009
all	2118	2	2260784	0.0000009
all	2155	2	2260784	0.0000009
all	2169	2	2260784	0.0000009
all	2197	2	2260784	0.0000009
all	2210	2	2260784	0.0000009
all	2250	2	2260784	0.0000009
all	2285	2	2260784	0.0000009
all	2319	2	2260784	0.0000009
all	2330	2	2260784	0.0000009
all	2341	1	2260784	0.0000004
all	2360	2	2260784	0.0000009
all	2379	2	2260784	0.0000009
all	2403	2	2260784	0.0000009
all	2412	2	2260784	0.0000009
all	2465	1	2260784	0.0000004
all	2491	2	2260784	0.0000009
all	2536	4	2260784	0.0000018
all	2552	2	2260784	0.0000009
all	2560	2	2260784	0.0000009
all	2574	2	2260784	0.0000009
all	2576	2	2260784	0.0000009
all	2587	2	2260784	0.0000009
all	2596	2	2260784	0.0000009
all	2614	2	2260784	0.0000009
all	2615	2	2260784	0.0000009
all	2622	2	2260784	0.0000009
all	2629	1	2260784	0.0000004
all	2651	2	2260784	0.0000009
all	2657	1	2260784	0.0000004
all	2659	2	2260784	0.0000009
all	2665	2	2260784	0.0000009
all	2671	1	2260784	0.0000004
all	2672	2	2260784	0.0000009
all	2674	2	2260784	0.0000009
all	2678	2	2260784	0.0000009
all	2680	4	2260784	0.0000018
all	2681	2	2260784	0.0000009
all	2682	2	2260784	0.0000009
all	2689	1	2260784	0.0000004
all	2690	2	2260784	0.0000009
all	2702	2	2260784	0.0000009
all	2710	2	2260784	0.0000009
all	2717	1	2260784	0.0000004
all	2725	2	2260784	0.0000009
all	2727	2	2260784	0.0000009
all	2729	4	2260784	0.0000018
all	2732	2	2260784	0.0000009
all	2733	2	2260784	0.0000009
all	2735	2	2260784	0.0000009
all	2739	2	2260784	0.0000009
all	2754	2	2260784	0.0000009
all	2768	1	2260784	0.0000004
all	2774	1	2260784	0.0000004
all	2778	2	2260784	0.0000009
all	2785	2	2260784	0.0000009
all	2805	1	2260784	0.0000004
all	2807	2	2260784	0.0000009
all	2830	2	2260784	0.0000009
all	2837	1	2260784	0.0000004
all	2846	4	2260784	0.0000018
all	2863	2	2260784	0.0000009
all	2870	1	2260784	0.0000004
all	2885	1	2260784	0.0000004
all	2889	1	2260784	0.0000004
all	2906	2	2260784	0.0000009
all	2924	2	2260784	0.0000009
all	2931	1	2260784	0.0000004
all	2937	1	2260784	0.0000004
all	2961	2	2260784	0.0000009
all	2975	1	2260784	0.0000004
all	2978	1	2260784	0.0000004
all	2985	1	2260784	0.0000004
all	3002	1	2260784	0.0000004
all	3012	2	2260784	0.0000009
all	3022	1	2260784	0.0000004
all	3032	1	2260784	0.0000004
all	3033	2	2260784	0.0000009
all	3039	2	2260784	0.0000009
all	3048	2	2260784	0.0000009
all	3049	2	2260784	0.0000009
all	3058	2	2260784	0.0000009
all	3059	2	2260784	0.0000009
all	3065	1	2260784	0.0000004
all	3079	2	2260784	0.0000009
all	3105	1	2260784	0.0000004
all	3127	1	2260784	0.0000004
all	3137	2	2260784	0.0000009
all	3147	1	2260784	0.0000004
all	3163	2	2260784	0.0000009
all	3167	2	2260784	0.0000009
all	3179	1	2260784	0.0000004
all	3184	2	2260784	0.0000009
all	3186	1	2260784	0.0000004
all	3212	2	2260784	0.0000009
all	3222	2	2260784	0.0000009
all	3230	1	2260784	0.0000004
all	3236	2	2260784	0.0000009
all	3237	3	2260784	0.0000013
all	3240	2	2260784	0.0000009
all	3241	2	2260784	0.0000009
all	3252	2	2260784	0.0000009
all	3257	2	2260784	0.0000009
all	3258	2	2260784	0.0000009
all	3259	2	2260784	0.0000009
all	3260	2	2260784	0.0000009
all	3263	4	2260784	0.0000018
all	3264	3	2260784	0.0000013
all	3271	2	2260784	0.0000009
all	3272	2	2260784	0.0000009
all	3281	4	2260784	0.0000018
all	3285	1	2260784	0.0000004
all	3289	2	2260784	0.0000009
all	3292	2	2260784	0.0000009
all	3296	4	2260784	0.0000018
all	3301	2	2260784	0.0000009
all	3310	4	2260784	0.0000018
all	3319	2	2260784	0.0000009
all	3322	2	2260784	0.0000009
all	3325	1	2260784	0.0000004
all	3327	2	2260784	0.0000009
all	3331	2	2260784	0.0000009
all	3334	1	2260784	0.0000004
all	3336	2	2260784	0.0000009
all	3338	2	2260784	0.0000009
all	3340	2	2260784	0.0000009
all	3343	2	2260784	0.0000009
all	3344	2	2260784	0.0000009
all	3345	2	2260784	0.0000009
all	3356	2	2260784	0.0000009
all	3366	1	2260784	0.0000004
all	3381	1	2260784	0.0000004
all	3383	1	2260784	0.0000004
all	3401	1	2260784	0.0000004
all	3417	1	2260784	0.0000004
all	3432	2	2260784	0.0000009
all	3470	1	2260784	0.0000004
all	3493	1	2260784	0.0000004
all	3521	1	2260784	0.0000004
all	3532	1	2260784	0.0000004
all	3537	1	2260784	0.0000004
all	3546	1	2260784	0.0000004
all	3550	1	2260784	0.0000004
all	3556	1	2260784	0.0000004
all	3568	1	2260784	0.0000004
all	3617	1	2260784	0.0000004
all	3651	1	2260784	0.0000004
all	3689	1	2260784	0.0000004
all	3717	1	2260784	0.0000004
all	3746	1	2260784	0.0000004
all	3772	1	2260784	0.0000004
all	3803	1	2260784	0.0000004
all	3813	1	2260784	0.0000004
all	3832	1	2260784	0.0000004
all	3849	1	2260784	0.0000004
all	3860	1	2260784	0.0000004
all	3875	1	2260784	0.0000004
all	3895	2	2260784	0.0000009
all	3901	1	2260784	0.0000004
all	3906	1	2260784	0.0000004
all	3907	1	2260784	0.0000004
all	3921	1	2260784	0.0000004
all	3923	1	2260784	0.0000004
all	3926	1	2260784	0.0000004
all	3937	1	2260784	0.0000004
all	3953	1	2260784	0.0000004
all	3959	1	2260784	0.0000004
all	3978	1	2260784	0.0000004
all	3982	1	2260784	0.0000004
all	3991	1	2260784	0.0000004
all	3993	1	2260784	0.0000004
all	3997	1	2260784	0.0000004
all	4003	1	2260784	0.0000004
all	4005	2	2260784	0.0000009
all	4008	1	2260784	0.0000004
all	4010	1	2260784	0.0000004
